//Exported ASCII-File
[Header]
FileName = C:\Users\reoml\Desktop\Mestrado\mapa raman\novas medidas\go_0.1_eda\GO_0.1_COM_EDA.WIP
ImageName = Scan_000_Spec.Data 1_F: Min & Max -> Maximum [1255.7 rel. 1/cm -> 1428.4 rel. 1/cm]
PointsPerLine = 61
LinesPerImage = 61
ScanUnit = µm
ScanWidth = 30
ScanHeight = 30
ScanOriginX = 0.13400000333786
ScanOriginY = 3.63100004196167
ScanOriginZ = 0
DataUnit = CCD cts
[Data]
 7.26194E+00	 6.95192E+00	 6.50584E+00	 8.86357E+00	 7.94957E+00	 8.47059E+00	 8.37740E+00	 7.67519E+00	 2.54694E+01	 2.28397E+01	 2.30343E+01	 2.95773E+01	 3.93326E+01	 3.57955E+01	 5.39026E+01	 5.62830E+01	 4.39121E+01	 2.59616E+01	 2.41551E+01	 2.10643E+01	 1.72450E+01	 1.47867E+01	 1.98089E+01	 2.20280E+01	 3.09429E+01	 3.35082E+01	 4.32343E+01	 5.49853E+01	 4.35450E+01	 3.36286E+01	 2.39996E+01	 1.43401E+01	 7.50167E+00	 8.46125E+00	 8.17519E+00	 8.71203E+00	 6.39328E+00	 8.16296E+00	 9.29497E+00	 1.62867E+01	 2.13858E+01	 2.24562E+01	 2.58578E+01	 4.27582E+01	 4.32616E+01	 3.37496E+01	 1.84773E+01	 6.69166E+00	 1.12252E+01	 9.47459E+00	 7.22344E+00	 7.18013E+00	 1.49531E+01	 2.63339E+01	 3.37881E+01	 3.73368E+01	 2.60782E+01	 2.50373E+01	 3.61770E+01	 1.70709E+01	 1.26240E+01
 6.68884E+00	 6.46427E+00	 5.10249E+00	 5.56362E+00	 9.64336E+00	 5.39336E+00	 8.01034E+00	 6.17274E+00	 6.79749E+00	 5.10576E+00	 6.72836E+00	 1.99362E+01	 4.15083E+01	 5.16076E+01	 7.36030E+01	 6.94853E+01	 4.54167E+01	 2.36217E+01	 2.03504E+01	 1.55244E+01	 1.03149E+01	 8.21735E+00	 1.45354E+01	 1.69755E+01	 1.88959E+01	 2.60419E+01	 4.05235E+01	 3.42421E+01	 1.49746E+01	 1.03248E+01	 8.45455E+00	 5.53246E+00	 7.92245E+00	 6.58537E+00	 7.08924E+00	 5.91962E+00	 6.60061E+00	 1.01517E+01	 1.09245E+01	 1.21199E+01	 1.34793E+01	 1.14847E+01	 1.18451E+01	 3.33686E+01	 4.64274E+01	 2.77293E+01	 1.40474E+01	 5.67552E+00	 7.69706E+00	 8.15854E+00	 9.26359E+00	 7.19324E+00	 1.33482E+01	 2.08683E+01	 3.76617E+01	 3.21839E+01	 2.90033E+01	 2.11279E+01	 1.48607E+01	 1.51411E+01	 1.40776E+01
 6.67886E+00	 8.01149E+00	 8.09099E+00	 7.70992E+00	 5.76543E+00	 6.05088E+00	 6.11622E+00	 6.91033E+00	 4.47866E+00	 7.33598E+00	 1.03699E+01	 2.21660E+01	 3.18607E+01	 4.34718E+01	 5.94331E+01	 4.47306E+01	 2.88996E+01	 2.16432E+01	 1.65758E+01	 1.84638E+01	 1.47138E+01	 1.03671E+01	 9.86500E+00	 1.08814E+01	 1.23110E+01	 2.48961E+01	 3.93704E+01	 2.66660E+01	 1.35496E+01	 1.01757E+01	 1.02714E+01	 1.06282E+01	 8.96204E+00	 7.00748E+00	 1.12932E+01	 1.07123E+01	 7.39594E+00	 1.30075E+01	 1.30980E+01	 9.12106E+00	 7.69324E+00	 8.00536E+00	 8.18028E+00	 2.43465E+01	 2.77108E+01	 1.91539E+01	 1.12263E+01	 9.21204E+00	 6.10868E+00	 6.04593E+00	 6.25877E+00	 1.13779E+01	 2.42533E+01	 2.47862E+01	 2.72533E+01	 2.19919E+01	 2.36261E+01	 1.65808E+01	 1.15854E+01	 1.14255E+01	 1.49370E+01
 9.54123E+00	 1.33182E+01	 1.01546E+01	 5.78674E+00	 4.45224E+00	 5.87740E+00	 5.93008E+00	 3.65412E+00	 4.29546E+00	 7.00919E+00	 1.90931E+01	 3.09363E+01	 3.43498E+01	 4.37786E+01	 5.80357E+01	 5.16561E+01	 3.89198E+01	 3.46880E+01	 3.27525E+01	 3.93405E+01	 3.71050E+01	 2.61378E+01	 2.28766E+01	 2.03117E+01	 1.74805E+01	 2.67959E+01	 3.32582E+01	 1.76376E+01	 9.88892E+00	 8.23192E+00	 7.23050E+00	 1.17706E+01	 1.63188E+01	 1.38110E+01	 1.32561E+01	 1.19130E+01	 1.05698E+01	 1.77008E+01	 2.25909E+01	 1.90030E+01	 1.37298E+01	 1.16551E+01	 7.78960E+00	 8.25794E+00	 1.08254E+01	 1.21346E+01	 9.27480E+00	 7.81493E+00	 7.25428E+00	 9.00918E+00	 1.08107E+01	 1.38179E+01	 2.13258E+01	 2.87756E+01	 3.03683E+01	 2.05278E+01	 1.62650E+01	 1.33889E+01	 1.23868E+01	 1.26944E+01	 1.41775E+01
 1.38110E+01	 9.55932E+00	 6.33321E+00	 6.84653E+00	 6.35294E+00	 6.84979E+00	 4.80857E+00	 4.98530E+00	 6.25000E+00	 5.76045E+00	 1.59195E+01	 3.46824E+01	 3.96801E+01	 4.83249E+01	 6.75857E+01	 7.02566E+01	 4.56471E+01	 3.92843E+01	 3.72607E+01	 4.09356E+01	 5.87069E+01	 7.49179E+01	 8.05324E+01	 5.56689E+01	 3.35637E+01	 4.05905E+01	 4.43006E+01	 2.87214E+01	 1.08465E+01	 9.27062E+00	 2.07042E+01	 3.58865E+01	 4.57435E+01	 4.33246E+01	 3.65422E+01	 2.88604E+01	 1.87138E+01	 2.17763E+01	 2.97996E+01	 2.77912E+01	 1.80498E+01	 1.28033E+01	 8.11800E+00	 1.05533E+01	 1.69277E+01	 2.06958E+01	 1.20610E+01	 7.72629E+00	 8.15950E+00	 9.53054E+00	 1.02835E+01	 1.09284E+01	 1.61789E+01	 1.63611E+01	 1.64363E+01	 1.19608E+01	 1.35679E+01	 1.03911E+01	 1.25455E+01	 2.29265E+01	 3.17359E+01
 8.59804E+00	 7.40950E+00	 6.07574E+00	 4.06652E+00	 5.93553E+00	 1.07137E+01	 1.74257E+01	 1.29827E+01	 7.75164E+00	 7.31899E+00	 1.63798E+01	 3.36880E+01	 4.44100E+01	 5.02824E+01	 4.72941E+01	 4.72290E+01	 3.90709E+01	 4.74670E+01	 6.08721E+01	 7.63433E+01	 9.41716E+01	 1.16453E+02	 1.23008E+02	 1.02181E+02	 6.19296E+01	 4.69051E+01	 4.57306E+01	 2.84653E+01	 1.07896E+01	 5.35781E+00	 7.94465E+00	 2.12480E+01	 3.81235E+01	 3.57756E+01	 2.84882E+01	 2.13482E+01	 1.95150E+01	 2.93204E+01	 3.34061E+01	 2.93477E+01	 1.98258E+01	 1.34447E+01	 8.77313E+00	 1.13169E+01	 1.85686E+01	 2.07290E+01	 1.42780E+01	 4.75287E+00	 4.51149E+00	 7.32348E+00	 8.17279E+00	 9.50668E+00	 1.22735E+01	 1.42137E+01	 1.34827E+01	 1.21591E+01	 1.46785E+01	 1.42500E+01	 1.17896E+01	 1.20000E+01	 1.59761E+01
 8.40558E+00	 4.76194E+00	 5.83159E+00	 6.36591E+00	 8.31880E+00	 1.94877E+01	 2.47358E+01	 2.18431E+01	 1.30000E+01	 1.45474E+01	 2.16368E+01	 2.10610E+01	 2.97661E+01	 5.31437E+01	 5.98671E+01	 5.11753E+01	 4.78014E+01	 5.97186E+01	 7.27598E+01	 8.74513E+01	 8.56574E+01	 1.00375E+02	 1.04724E+02	 9.31495E+01	 7.01556E+01	 4.99189E+01	 4.67549E+01	 3.51789E+01	 1.60419E+01	 6.15166E+00	 6.70591E+00	 7.15715E+00	 1.63273E+01	 2.23865E+01	 1.92246E+01	 1.46664E+01	 1.21361E+01	 1.60223E+01	 1.85095E+01	 1.82645E+01	 1.41361E+01	 1.10876E+01	 8.96012E+00	 1.52246E+01	 2.81023E+01	 2.98089E+01	 1.48740E+01	 8.50214E+00	 6.38140E+00	 6.11294E+00	 9.19030E+00	 1.10665E+01	 1.64163E+01	 2.76453E+01	 2.12736E+01	 1.43893E+01	 1.42123E+01	 1.68273E+01	 1.96752E+01	 1.35231E+01	 1.20107E+01
 1.11554E+01	 5.37927E+00	 7.39336E+00	 9.41302E+00	 1.42561E+01	 2.15602E+01	 2.12120E+01	 2.36695E+01	 2.32087E+01	 2.70610E+01	 3.18699E+01	 2.17138E+01	 1.64318E+01	 3.22616E+01	 7.06298E+01	 7.47847E+01	 6.41806E+01	 6.42598E+01	 6.79706E+01	 6.34436E+01	 7.34594E+01	 9.81495E+01	 9.43399E+01	 9.83089E+01	 7.96772E+01	 6.83157E+01	 5.60294E+01	 3.88325E+01	 2.90412E+01	 1.61664E+01	 1.26346E+01	 8.20289E+00	 1.11194E+01	 2.14761E+01	 1.48664E+01	 9.38235E+00	 9.14874E+00	 1.14839E+01	 1.11888E+01	 1.38229E+01	 1.49620E+01	 1.11155E+01	 8.13140E+00	 1.00792E+01	 1.58110E+01	 2.72356E+01	 9.79961E+00	 1.10839E+01	 9.64608E+00	 7.45307E+00	 1.08645E+01	 1.62691E+01	 3.48894E+01	 4.70534E+01	 3.99389E+01	 2.15343E+01	 1.91794E+01	 1.88244E+01	 1.46717E+01	 1.69318E+01	 1.30590E+01
 1.03333E+01	 7.29593E+00	 7.46125E+00	 2.07792E+01	 1.82110E+01	 1.53889E+01	 1.35187E+01	 2.04021E+01	 3.87817E+01	 4.93876E+01	 4.11716E+01	 3.07817E+01	 2.17382E+01	 3.51539E+01	 4.85618E+01	 5.53527E+01	 7.05705E+01	 4.50317E+01	 4.99296E+01	 4.26567E+01	 5.72971E+01	 1.14606E+02	 1.13230E+02	 8.91874E+01	 7.87286E+01	 8.71814E+01	 5.75450E+01	 3.50653E+01	 3.73290E+01	 2.27595E+01	 1.67246E+01	 1.55713E+01	 1.33169E+01	 1.53244E+01	 1.29637E+01	 8.59978E+00	 8.06066E+00	 1.34446E+01	 1.17339E+01	 1.14446E+01	 1.43190E+01	 1.49432E+01	 1.45339E+01	 1.16271E+01	 1.33622E+01	 1.24255E+01	 9.75000E+00	 1.23169E+01	 1.29736E+01	 1.43382E+01	 1.68884E+01	 1.73529E+01	 4.29216E+01	 5.02015E+01	 5.20347E+01	 3.70619E+01	 3.30441E+01	 2.65057E+01	 2.15130E+01	 1.64067E+01	 1.57246E+01
 1.75588E+01	 1.65084E+01	 1.35773E+01	 3.98861E+01	 2.89990E+01	 1.74828E+01	 1.27319E+01	 1.75438E+01	 3.37306E+01	 3.33861E+01	 2.97794E+01	 3.10839E+01	 2.90992E+01	 3.17137E+01	 3.48333E+01	 4.61448E+01	 4.21777E+01	 2.81832E+01	 3.05948E+01	 3.82735E+01	 4.06183E+01	 9.08512E+01	 1.02909E+02	 7.46860E+01	 6.69310E+01	 8.63679E+01	 5.91491E+01	 3.09856E+01	 3.45948E+01	 2.11361E+01	 1.27022E+01	 1.47996E+01	 1.70079E+01	 1.38607E+01	 1.42625E+01	 6.11199E+00	 5.52090E+00	 9.72933E+00	 8.36364E+00	 1.02285E+01	 1.57586E+01	 1.55107E+01	 1.54284E+01	 2.11271E+01	 2.26567E+01	 2.09806E+01	 2.61107E+01	 2.36186E+01	 1.69608E+01	 1.39818E+01	 2.02912E+01	 2.13861E+01	 3.74773E+01	 4.13958E+01	 5.41442E+01	 4.33806E+01	 3.49882E+01	 3.67111E+01	 3.01105E+01	 2.64721E+01	 2.27327E+01
 2.94363E+01	 2.85539E+01	 2.24363E+01	 3.29246E+01	 3.00539E+01	 1.88711E+01	 2.40931E+02	 7.61673E+01	 1.81378E+01	 1.71029E+01	 1.98348E+01	 2.62994E+01	 2.52399E+01	 2.51603E+01	 3.51063E+01	 4.03425E+01	 3.65901E+01	 3.21961E+01	 3.54195E+01	 3.51376E+01	 5.60397E+01	 7.82824E+01	 7.30701E+01	 5.94956E+01	 7.11679E+01	 6.87679E+01	 5.16408E+01	 2.51646E+01	 1.81299E+01	 1.03671E+01	 1.91098E+01	 4.65816E+01	 5.21967E+01	 3.20891E+01	 1.37450E+01	 5.13332E+00	 7.15721E+00	 1.11279E+01	 1.11145E+01	 1.10206E+01	 1.56282E+01	 1.92065E+01	 2.41757E+01	 2.82137E+01	 3.04347E+01	 3.25808E+01	 3.52757E+01	 3.33292E+01	 2.80909E+01	 2.03975E+01	 2.02607E+01	 2.90709E+01	 4.24746E+01	 4.00982E+01	 4.27382E+01	 3.66286E+01	 3.22543E+01	 3.03110E+01	 2.27304E+01	 1.92113E+01	 1.86145E+01
 6.33514E+01	 4.80317E+01	 2.22026E+01	 2.71475E+01	 2.41199E+01	 1.30000E+01	 8.65086E+00	 1.16346E+01	 1.11755E+01	 1.13431E+01	 1.85217E+01	 2.85238E+01	 3.04274E+01	 3.75239E+01	 5.77456E+01	 6.50082E+01	 6.49696E+01	 4.72297E+01	 3.33186E+01	 4.32759E+01	 6.44775E+01	 7.25416E+01	 5.71975E+01	 5.21520E+01	 5.47186E+01	 5.40651E+01	 3.34198E+01	 1.43519E+01	 8.69919E+00	 1.63713E+01	 3.84873E+01	 5.50512E+01	 6.61653E+01	 7.17724E+01	 6.52598E+01	 3.39093E+01	 1.75688E+01	 1.83893E+01	 1.77789E+01	 1.00235E+01	 1.18645E+01	 2.02687E+01	 2.34856E+01	 2.36299E+01	 3.09103E+01	 4.01591E+01	 3.88153E+01	 3.14173E+01	 2.67318E+01	 2.51475E+01	 2.53664E+01	 3.47273E+01	 3.94546E+01	 4.61882E+01	 4.53157E+01	 4.35373E+01	 2.94091E+01	 2.76878E+01	 2.32780E+01	 2.22873E+01	 2.28878E+01
 3.83137E+01	 2.36539E+01	 1.17607E+01	 9.46012E+00	 7.19188E+00	 8.15166E+00	 9.02440E+00	 8.22612E+00	 9.82127E+00	 1.40688E+01	 1.56378E+01	 3.11087E+01	 5.35179E+01	 6.81137E+01	 8.50272E+01	 9.97205E+01	 8.20857E+01	 4.72549E+01	 2.37731E+01	 2.65962E+01	 3.92359E+01	 4.52389E+01	 4.39021E+01	 4.19484E+01	 5.33282E+01	 5.91996E+01	 3.49167E+01	 1.17516E+01	 6.66633E+00	 1.43093E+01	 1.91567E+01	 2.22500E+01	 2.47297E+01	 2.92771E+01	 3.83814E+01	 4.08341E+01	 3.00471E+01	 1.55591E+01	 9.23986E+00	 8.10772E+00	 1.13397E+01	 2.43779E+01	 2.99382E+01	 2.82549E+01	 3.38308E+01	 4.40049E+01	 4.16600E+01	 3.31777E+01	 2.61358E+01	 2.50236E+01	 3.59873E+01	 3.80112E+01	 3.30474E+01	 4.15611E+01	 4.73677E+01	 3.66437E+01	 2.45797E+01	 2.17257E+01	 2.18878E+01	 2.58686E+01	 2.86899E+01
 1.30586E+01	 1.48348E+01	 1.28713E+01	 7.35709E+00	 5.48387E+00	 7.47933E+00	 7.94465E+00	 1.03659E+01	 1.13925E+01	 1.38953E+01	 2.17399E+01	 4.12538E+01	 6.22480E+01	 8.37976E+01	 1.03355E+02	 9.36823E+01	 6.22755E+01	 3.45602E+01	 2.17327E+01	 2.13308E+01	 2.57549E+01	 3.66832E+01	 4.14980E+01	 3.94709E+01	 5.40462E+01	 5.71679E+01	 2.90687E+01	 8.71368E+00	 7.34653E+00	 5.51149E+00	 5.13220E+00	 9.30286E+00	 1.22789E+01	 8.13613E+00	 1.28482E+01	 2.82730E+01	 3.54404E+01	 1.71765E+01	 9.03960E+00	 8.55857E+00	 1.43917E+01	 2.04714E+01	 3.07123E+01	 3.37896E+01	 2.93492E+01	 3.48246E+01	 4.00824E+01	 3.49198E+01	 2.93258E+01	 2.72138E+01	 3.01432E+01	 2.99510E+01	 2.82723E+01	 3.25239E+01	 3.52739E+01	 3.25619E+01	 3.11221E+01	 2.47137E+01	 2.27582E+01	 2.37674E+01	 2.88166E+01
 1.24480E+01	 1.71839E+01	 2.03932E+01	 1.69623E+01	 8.80171E+00	 7.21967E+00	 8.54238E+00	 1.34763E+01	 1.56361E+01	 1.82356E+01	 2.28740E+01	 3.93060E+01	 6.39702E+01	 7.39412E+01	 7.76155E+01	 4.12359E+01	 1.81098E+01	 1.71361E+01	 1.61034E+01	 2.05043E+01	 2.45687E+01	 3.17468E+01	 4.00136E+01	 3.79978E+01	 4.35098E+01	 4.80086E+01	 2.09801E+01	 8.93028E+00	 6.25000E+00	 6.50000E+00	 5.91019E+00	 9.70591E+00	 7.06066E+00	 5.36903E+00	 7.12607E+00	 1.18959E+01	 1.18686E+01	 9.24674E+00	 8.86591E+00	 1.38093E+01	 1.90496E+01	 2.03017E+01	 2.10610E+01	 2.10941E+01	 2.75897E+01	 2.90735E+01	 2.88602E+01	 2.59950E+01	 2.48525E+01	 2.95343E+01	 2.65191E+01	 2.65174E+01	 2.73273E+01	 3.00215E+01	 3.28958E+01	 2.72010E+01	 2.74549E+01	 2.92436E+01	 2.94637E+01	 2.64045E+01	 2.92735E+01
 1.40343E+01	 2.53212E+01	 3.36092E+01	 1.39091E+01	 1.05263E+01	 1.50698E+01	 1.91199E+01	 1.85016E+01	 2.25116E+01	 2.06667E+01	 2.05732E+01	 3.54193E+01	 6.52929E+01	 6.85708E+01	 7.24274E+01	 5.19179E+01	 2.00033E+01	 1.90754E+01	 1.92059E+01	 2.12478E+01	 2.92823E+01	 3.45541E+01	 3.32823E+01	 3.34070E+01	 4.57157E+01	 5.45933E+01	 1.62693E+01	 1.08372E+01	 9.08389E+00	 8.76045E+00	 1.13479E+01	 7.81493E+00	 1.02924E+01	 7.63140E+00	 7.82755E+00	 6.82809E+00	 1.13480E+01	 2.41078E+01	 3.34432E+01	 2.80116E+01	 2.51034E+01	 1.99314E+01	 1.73628E+01	 1.95566E+01	 2.53846E+01	 2.85455E+01	 2.57190E+01	 2.21368E+01	 2.70100E+01	 2.68088E+01	 2.47582E+01	 2.54559E+01	 3.13678E+01	 3.25682E+01	 3.56520E+01	 3.20439E+01	 3.37463E+01	 3.65107E+01	 3.82598E+01	 3.50049E+01	 3.10239E+01
 2.31145E+01	 2.26770E+01	 2.20588E+01	 1.70079E+01	 1.21385E+01	 1.91393E+01	 2.05214E+01	 1.25889E+01	 1.64773E+01	 1.44805E+01	 1.48480E+01	 1.74245E+01	 4.54276E+01	 7.33914E+01	 8.45442E+01	 7.13628E+01	 2.60977E+01	 1.89526E+01	 2.96365E+01	 2.74657E+01	 3.22218E+01	 3.40534E+01	 3.45049E+01	 3.65709E+01	 5.63622E+01	 4.81814E+01	 1.87421E+01	 2.71004E+01	 2.06649E+01	 1.19021E+01	 1.21959E+01	 1.27174E+01	 1.24714E+01	 9.25000E+00	 8.00000E+00	 1.02886E+01	 1.90054E+01	 5.01889E+01	 7.86551E+01	 6.65476E+01	 3.51958E+01	 2.76961E+01	 2.27290E+01	 2.36847E+01	 2.56667E+01	 3.25539E+01	 3.20351E+01	 2.84378E+01	 2.75709E+01	 2.78188E+01	 3.07756E+01	 2.95230E+01	 3.17218E+01	 4.43712E+01	 4.10578E+01	 3.68435E+01	 4.12218E+01	 4.77232E+01	 4.77446E+01	 4.40049E+01	 3.54324E+01
 1.84559E+01	 3.10097E+01	 2.76393E+01	 1.93273E+01	 1.46304E+01	 1.92843E+01	 2.01591E+01	 1.31562E+01	 1.24091E+01	 1.13659E+01	 9.09515E+00	 1.29313E+01	 2.94253E+01	 8.07298E+01	 8.61411E+01	 3.70147E+01	 1.56811E+01	 3.28186E+01	 5.33628E+01	 3.36078E+01	 2.72137E+01	 3.44423E+01	 3.65824E+01	 4.57170E+01	 5.41368E+01	 2.64978E+01	 1.98137E+01	 4.03528E+01	 4.66777E+01	 2.38845E+01	 1.27142E+01	 9.91962E+00	 1.08577E+01	 1.01388E+01	 9.22549E+00	 1.01582E+01	 1.53636E+01	 1.53659E+01	 2.62780E+01	 4.03308E+01	 2.89103E+01	 2.82399E+01	 1.73953E+01	 1.57443E+01	 2.02659E+01	 2.74280E+01	 2.71882E+01	 3.04899E+01	 3.17138E+01	 3.70758E+01	 2.95187E+01	 2.37789E+01	 3.42723E+01	 5.24653E+01	 4.09569E+01	 4.26963E+01	 5.85086E+01	 6.91266E+01	 7.69037E+01	 5.49232E+01	 3.52019E+01
 1.70833E+01	 2.52538E+01	 3.45392E+01	 2.74608E+01	 1.37190E+01	 2.09067E+01	 2.57789E+01	 1.68771E+01	 1.48779E+01	 1.14299E+01	 1.06299E+01	 1.46757E+01	 1.50744E+01	 3.10289E+01	 2.03948E+01	 2.36560E+01	 3.26799E+01	 3.35792E+01	 3.25909E+01	 2.60317E+01	 3.19978E+01	 3.43988E+01	 3.68325E+01	 5.65397E+01	 6.48576E+01	 2.18686E+01	 1.19492E+01	 1.25107E+01	 1.08825E+01	 1.01432E+01	 1.17319E+01	 1.29853E+01	 9.35299E+00	 6.19706E+00	 6.61364E+00	 9.04961E+00	 9.66631E+00	 1.14285E+01	 1.40827E+01	 1.76932E+01	 1.89978E+01	 1.50939E+01	 9.61275E+00	 1.28842E+01	 1.45784E+01	 3.46799E+01	 3.05735E+01	 3.65591E+01	 3.50043E+01	 3.24447E+01	 3.05467E+01	 2.36785E+01	 3.34950E+01	 4.14580E+01	 4.23628E+01	 4.21882E+01	 7.10555E+01	 5.22385E+01	 3.80449E+01	 3.78297E+01	 2.96098E+01
 1.30593E+01	 2.47496E+01	 4.17478E+01	 2.71299E+01	 1.58284E+01	 1.83825E+01	 2.15439E+01	 1.79526E+01	 1.36602E+01	 1.04674E+01	 1.01591E+01	 9.65447E+00	 1.43143E+01	 1.54255E+01	 2.43567E+01	 3.89484E+01	 3.86448E+01	 2.79510E+01	 2.83830E+01	 2.78235E+01	 3.01603E+01	 3.98308E+01	 4.97963E+01	 5.55384E+01	 4.31660E+01	 1.60951E+01	 5.87024E+00	 4.86275E+00	 7.37976E+00	 6.95591E+00	 1.02021E+01	 1.07339E+01	 7.48966E+00	 6.13678E+00	 4.26070E+00	 7.81488E+00	 8.98530E+00	 9.20589E+00	 1.53676E+01	 1.21784E+01	 1.08149E+01	 1.11602E+01	 8.85576E+00	 6.35848E+00	 7.97059E+00	 2.84045E+01	 3.42490E+01	 4.05445E+01	 4.50470E+01	 3.87745E+01	 3.01159E+01	 2.51052E+01	 3.41618E+01	 4.11618E+01	 3.48922E+01	 3.33894E+01	 4.53086E+01	 3.77369E+01	 3.34167E+01	 3.54483E+01	 3.26646E+01
 1.95593E+01	 2.91646E+01	 4.28802E+01	 3.21878E+01	 1.61539E+01	 1.20419E+01	 1.49943E+01	 1.19141E+01	 1.05025E+01	 1.12630E+01	 1.02293E+01	 1.22593E+01	 1.29058E+01	 3.15709E+01	 5.15629E+01	 6.87976E+01	 4.77297E+01	 2.42630E+01	 2.11948E+01	 2.69419E+01	 3.97612E+01	 4.45586E+01	 5.08205E+01	 5.17990E+01	 2.74559E+01	 8.18181E+00	 4.57755E+00	 5.25000E+00	 7.32543E+00	 1.01546E+01	 1.26231E+01	 1.47867E+01	 1.45643E+01	 1.75992E+01	 1.66271E+01	 1.67780E+01	 1.44623E+01	 9.97976E+00	 1.18694E+01	 1.24601E+01	 1.50095E+01	 9.53395E+00	 7.17194E+00	 8.25000E+00	 6.50428E+00	 1.91171E+01	 3.47137E+01	 4.68550E+01	 4.08405E+01	 4.07967E+01	 3.71912E+01	 2.77390E+01	 2.76653E+01	 2.94757E+01	 3.27390E+01	 2.85687E+01	 2.87739E+01	 3.33133E+01	 3.77907E+01	 3.88683E+01	 3.57116E+01
 1.83348E+01	 2.97990E+01	 5.49992E+01	 4.54216E+01	 1.84806E+01	 9.01073E+00	 8.55996E+00	 1.19220E+01	 1.15079E+01	 1.02659E+01	 9.89320E+00	 1.44801E+01	 1.83925E+01	 3.49277E+01	 6.39454E+01	 7.30940E+01	 4.49797E+01	 1.81850E+01	 2.51376E+01	 3.91667E+01	 5.72010E+01	 6.49467E+01	 6.63576E+01	 4.78836E+01	 2.14619E+01	 1.08771E+01	 1.16932E+01	 8.11215E+00	 6.73806E+00	 9.58760E+00	 1.68188E+01	 1.99163E+01	 2.18102E+01	 2.39978E+01	 1.96019E+01	 2.22789E+01	 1.79877E+01	 9.69030E+00	 5.95992E+00	 5.99510E+00	 6.22933E+00	 7.39874E+00	 5.23924E+00	 4.91487E+00	 5.77139E+00	 1.88636E+01	 4.26780E+01	 4.87492E+01	 3.75266E+01	 3.47019E+01	 3.10470E+01	 2.72739E+01	 2.47971E+01	 2.86520E+01	 3.39017E+01	 3.33757E+01	 3.64096E+01	 3.86856E+01	 3.86336E+01	 3.96688E+01	 4.37255E+01
 1.37263E+01	 2.41389E+01	 3.61470E+01	 3.31560E+01	 1.77356E+01	 1.37467E+01	 1.27886E+01	 1.20248E+01	 1.02319E+01	 1.03142E+01	 1.04805E+01	 1.22137E+01	 1.78292E+01	 3.26128E+01	 5.31408E+01	 5.31817E+01	 3.60891E+01	 2.42701E+01	 3.53487E+01	 4.81760E+01	 5.21556E+01	 5.20376E+01	 5.86775E+01	 3.68889E+01	 1.42645E+01	 7.56157E+00	 9.31417E+00	 8.75953E+00	 4.88332E+00	 7.53674E+00	 1.69299E+01	 2.12010E+01	 2.08607E+01	 2.44380E+01	 2.15589E+01	 1.77873E+01	 1.89318E+01	 1.60455E+01	 1.67525E+01	 1.38567E+01	 5.48527E+00	 5.70361E+00	 4.50000E+00	 6.67548E+00	 1.02537E+01	 3.42892E+01	 5.81177E+01	 5.60049E+01	 4.72696E+01	 4.28209E+01	 3.27138E+01	 3.27549E+01	 3.15180E+01	 3.33006E+01	 3.69216E+01	 3.50490E+01	 2.94270E+01	 3.39380E+01	 3.65231E+01	 4.05112E+01	 5.04754E+01
 1.41775E+01	 1.54761E+01	 1.92397E+01	 1.82607E+01	 1.47586E+01	 1.07586E+01	 8.86715E+00	 8.11715E+00	 1.02327E+01	 1.32318E+01	 1.36641E+01	 1.14559E+01	 1.48111E+01	 2.07736E+01	 2.20193E+01	 2.13333E+01	 2.28602E+01	 3.60470E+01	 4.38514E+01	 3.42745E+01	 3.67254E+01	 5.63677E+01	 4.41520E+01	 1.92327E+01	 1.05455E+01	 1.50455E+01	 1.14054E+01	 8.65166E+00	 8.31984E+00	 1.56199E+01	 2.34899E+01	 2.31863E+01	 2.21963E+01	 3.11790E+01	 3.82637E+01	 2.66814E+01	 2.26716E+01	 2.92970E+01	 3.59118E+01	 2.21939E+01	 9.00000E+00	 4.95224E+00	 3.88664E+00	 4.74833E+00	 6.25214E+00	 1.45214E+01	 2.78328E+01	 3.66545E+01	 4.72723E+01	 3.69463E+01	 3.24277E+01	 3.00808E+01	 2.57892E+01	 2.59084E+01	 2.78735E+01	 2.68721E+01	 2.53498E+01	 3.07864E+01	 3.51471E+01	 4.06373E+01	 4.79096E+01
 1.13659E+01	 1.17157E+01	 1.18781E+01	 1.22731E+01	 1.29241E+01	 1.09164E+01	 1.23439E+01	 9.20224E+00	 1.54657E+01	 1.43093E+01	 1.35016E+01	 1.16935E+01	 1.18680E+01	 1.09847E+01	 1.14761E+01	 1.49899E+01	 3.01194E+01	 4.77652E+01	 3.30428E+01	 3.42377E+01	 4.14280E+01	 4.20470E+01	 2.30317E+01	 1.05095E+01	 9.32477E+00	 1.77687E+01	 2.37218E+01	 1.51969E+01	 1.07735E+01	 2.02970E+01	 2.65116E+01	 2.96087E+01	 2.68204E+01	 4.31302E+01	 2.72612E+01	 2.36304E+01	 2.66306E+01	 3.41582E+01	 4.51698E+01	 3.24202E+01	 1.16591E+01	 1.16663E+01	 9.16302E+00	 1.23179E+01	 1.51545E+01	 7.58760E+00	 1.01942E+01	 2.20095E+01	 3.04314E+01	 3.14463E+01	 3.35601E+01	 3.12343E+01	 3.04347E+01	 2.78504E+01	 2.34118E+01	 2.35588E+01	 2.45359E+01	 2.98308E+01	 2.90412E+01	 3.56551E+01	 4.00817E+01
 1.34897E+01	 1.36752E+01	 1.37101E+01	 1.45128E+01	 1.23017E+01	 1.23244E+01	 1.15214E+01	 1.54549E+01	 1.47246E+01	 1.65784E+01	 1.59018E+01	 1.77318E+01	 1.72042E+01	 1.28441E+01	 1.19638E+01	 1.01602E+01	 2.43864E+01	 4.93802E+01	 6.19070E+01	 4.24350E+01	 3.13835E+01	 2.61178E+01	 1.01393E+01	 7.83969E+00	 1.22347E+01	 2.27194E+01	 1.81104E+01	 1.57996E+01	 2.04694E+01	 2.66393E+01	 2.96240E+01	 2.45362E+01	 2.73937E+01	 2.30187E+01	 1.96666E+01	 2.66194E+01	 3.55833E+01	 3.43858E+01	 3.90984E+01	 2.84118E+01	 1.98244E+01	 1.90744E+01	 6.24020E+00	 6.73192E+00	 2.60116E+01	 2.70193E+01	 1.35079E+01	 1.69039E+01	 2.18893E+01	 2.86889E+01	 3.17138E+01	 3.83078E+01	 3.98922E+01	 3.56667E+01	 2.78308E+01	 2.28694E+01	 2.34587E+01	 2.58688E+01	 2.73683E+01	 2.65760E+01	 2.44461E+01
 2.26603E+01	 2.01961E+01	 1.93091E+01	 1.79039E+01	 1.21411E+01	 1.11314E+01	 1.37059E+01	 1.57318E+01	 1.61178E+01	 1.27533E+01	 1.37108E+01	 1.41346E+01	 1.49619E+01	 1.50827E+01	 1.40455E+01	 8.27440E+00	 8.62768E+00	 1.02114E+01	 2.89847E+01	 3.55373E+01	 4.11646E+01	 2.75590E+01	 1.00280E+01	 6.51045E+00	 8.10972E+00	 1.13607E+01	 1.76432E+01	 2.05093E+01	 2.25901E+01	 2.77616E+01	 2.34608E+01	 2.43258E+01	 2.36582E+01	 2.32533E+01	 2.17912E+01	 2.20429E+01	 3.09818E+01	 2.75300E+01	 3.34189E+01	 4.67343E+01	 4.88677E+01	 3.94173E+01	 1.22301E+01	 7.91460E+00	 8.90449E+00	 3.25419E+01	 2.67974E+01	 1.42101E+01	 1.75682E+01	 2.12896E+01	 2.98088E+01	 3.49828E+01	 3.43137E+01	 2.88204E+01	 2.82738E+01	 2.95343E+01	 2.50130E+01	 2.46279E+01	 2.56306E+01	 2.24265E+01	 2.77059E+01
 3.32907E+01	 2.90909E+01	 2.96470E+01	 2.12538E+01	 1.26425E+01	 1.29706E+01	 1.33480E+01	 1.55354E+01	 1.24542E+01	 1.17511E+01	 1.44706E+01	 1.70735E+01	 1.69228E+01	 1.48862E+01	 1.03782E+01	 1.02273E+01	 6.69797E+00	 1.12038E+01	 2.66775E+01	 3.10490E+01	 2.77026E+01	 1.21839E+01	 4.40579E+00	 4.53674E+00	 6.34804E+00	 8.77480E+00	 1.31014E+01	 2.18571E+01	 3.26425E+01	 1.99595E+01	 2.53284E+01	 2.34694E+01	 2.32873E+01	 2.59858E+01	 3.14714E+01	 3.96796E+01	 4.93377E+01	 4.51583E+01	 4.58151E+01	 4.14189E+01	 3.07582E+01	 2.79393E+01	 1.19861E+01	 5.11215E+00	 1.17572E+01	 9.59314E+00	 8.32995E+00	 7.32806E+00	 1.48678E+01	 1.36346E+01	 1.69198E+01	 2.27275E+01	 2.47723E+01	 2.57153E+01	 2.64519E+01	 3.09594E+01	 2.59712E+01	 2.48419E+01	 3.28996E+01	 2.87990E+01	 2.20882E+01
 3.51278E+01	 2.97680E+01	 2.74519E+01	 1.72789E+01	 1.18229E+01	 1.10865E+01	 1.40474E+01	 1.40951E+01	 1.43771E+01	 1.65591E+01	 1.42306E+01	 2.44877E+01	 1.88846E+01	 1.29576E+01	 1.17628E+01	 1.00244E+01	 1.05815E+01	 1.76194E+01	 1.90839E+01	 1.04294E+01	 6.46204E+00	 7.15347E+00	 6.58116E+00	 9.71427E+00	 9.89594E+00	 1.18671E+01	 1.82723E+01	 1.89763E+01	 2.24431E+01	 1.31178E+01	 9.86449E+00	 2.01393E+01	 3.06551E+01	 3.52297E+01	 4.45057E+01	 5.68531E+01	 5.54662E+01	 4.92881E+01	 4.69546E+01	 3.84347E+01	 3.43405E+01	 3.97318E+01	 2.69587E+01	 1.53731E+01	 1.35454E+01	 8.20224E+00	 3.79546E+00	 1.22866E+01	 1.42516E+01	 1.31107E+01	 1.40688E+01	 1.22174E+01	 1.19743E+01	 2.12843E+01	 2.02246E+01	 2.55826E+01	 3.12715E+01	 2.87731E+01	 3.00589E+01	 1.98409E+01	 9.31488E+00
 3.63740E+01	 2.90439E+01	 1.99389E+01	 1.35150E+01	 1.10217E+01	 1.05217E+01	 1.22789E+01	 1.31814E+01	 1.87800E+01	 2.48409E+01	 2.93948E+01	 2.91520E+01	 1.65735E+01	 1.35061E+01	 1.41194E+01	 1.16393E+01	 1.08431E+01	 1.23312E+01	 9.73283E+00	 7.79960E+00	 8.63140E+00	 8.46899E+00	 8.34515E+00	 9.25000E+00	 1.07556E+01	 1.09091E+01	 1.56618E+01	 1.54818E+01	 1.73771E+01	 1.08439E+01	 1.01980E+01	 1.47101E+01	 2.24690E+01	 2.59542E+01	 4.08942E+01	 5.98966E+01	 6.01427E+01	 5.71298E+01	 5.67369E+01	 4.75618E+01	 3.97500E+01	 3.96128E+01	 3.59091E+01	 2.44967E+01	 9.21735E+00	 7.16841E+00	 6.50000E+00	 9.58723E+00	 1.28332E+01	 2.06480E+01	 2.07628E+01	 1.28676E+01	 1.08397E+01	 8.46945E+00	 1.67628E+01	 2.75289E+01	 3.17723E+01	 3.40317E+01	 3.14638E+01	 2.30116E+01	 1.69996E+01
 2.79653E+01	 1.72516E+01	 1.34106E+01	 1.48799E+01	 1.04565E+01	 1.08198E+01	 1.32607E+01	 1.91475E+01	 2.57496E+01	 2.80373E+01	 2.73325E+01	 1.93878E+01	 1.09442E+01	 7.13892E+00	 7.51070E+00	 1.07959E+01	 1.80591E+01	 2.27490E+01	 2.30128E+01	 2.30025E+01	 1.78804E+01	 1.28260E+01	 1.05086E+01	 1.11345E+01	 1.45543E+01	 1.51663E+01	 1.93235E+01	 2.25459E+01	 2.16551E+01	 1.87137E+01	 1.48179E+01	 1.45939E+01	 1.68925E+01	 2.83988E+01	 5.05049E+01	 7.09429E+01	 7.59574E+01	 6.38218E+01	 5.73121E+01	 5.60599E+01	 4.52716E+01	 3.78444E+01	 3.01235E+01	 3.45245E+01	 2.94265E+01	 8.40823E+00	 7.59727E+00	 9.64954E+00	 2.00827E+01	 3.01470E+01	 2.98953E+01	 1.93889E+01	 9.23192E+00	 5.11364E+00	 8.16945E+00	 1.51778E+01	 2.44718E+01	 3.55797E+01	 3.91128E+01	 2.17026E+01	 1.56475E+01
 1.64294E+01	 1.24898E+01	 1.51961E+01	 1.83480E+01	 1.72059E+01	 1.16903E+01	 1.45054E+01	 2.30079E+01	 3.50679E+01	 3.83598E+01	 3.62929E+01	 2.31717E+01	 7.98924E+00	 8.00000E+00	 1.48441E+01	 1.76912E+01	 2.16171E+01	 1.91567E+01	 1.97873E+01	 1.78405E+01	 1.86912E+01	 1.83480E+01	 1.22727E+01	 1.03410E+01	 1.43093E+01	 2.07730E+01	 2.13889E+01	 2.48188E+01	 2.52862E+01	 2.36453E+01	 1.74559E+01	 1.50931E+01	 1.59164E+01	 2.65470E+01	 4.38377E+01	 5.81927E+01	 7.19630E+01	 6.94363E+01	 5.38577E+01	 4.42971E+01	 3.60560E+01	 3.34992E+01	 4.12950E+01	 4.59569E+01	 3.98034E+01	 1.45235E+01	 1.30100E+01	 2.01814E+01	 3.64797E+01	 4.35441E+01	 3.07059E+01	 1.51741E+01	 8.84978E+00	 5.16302E+00	 6.75933E+00	 5.69324E+00	 9.46899E+00	 1.49299E+01	 1.92723E+01	 1.58423E+01	 1.07706E+01
 1.93598E+01	 2.05159E+01	 1.90735E+01	 2.49882E+01	 1.74638E+01	 1.50610E+01	 1.36862E+01	 2.14461E+01	 3.80541E+01	 3.29484E+01	 2.79858E+01	 9.59391E+00	 1.05475E+01	 2.15941E+01	 1.88093E+01	 1.95992E+01	 2.11863E+01	 1.82854E+01	 1.87496E+01	 2.05948E+01	 1.97377E+01	 1.63333E+01	 1.32717E+01	 1.32607E+01	 1.87854E+01	 2.69045E+01	 3.60948E+01	 3.56240E+01	 3.63051E+01	 2.97318E+01	 2.24439E+01	 1.64853E+01	 1.85897E+01	 1.68462E+01	 3.05557E+01	 3.53290E+01	 4.29145E+01	 4.24232E+01	 4.15196E+01	 3.57817E+01	 2.43659E+01	 2.30454E+01	 2.77010E+01	 3.00617E+01	 2.22735E+01	 1.71186E+01	 2.81948E+01	 3.96233E+01	 4.01617E+01	 3.82170E+01	 3.59020E+01	 4.58873E+01	 2.78405E+01	 2.03711E+01	 9.51285E+00	 7.97933E+00	 8.08598E+00	 1.37319E+01	 1.77328E+01	 1.50608E+01	 1.05107E+01
 2.73204E+01	 2.41098E+01	 2.58338E+01	 2.18498E+01	 1.93927E+01	 1.52255E+01	 1.95474E+01	 2.35992E+01	 3.50526E+01	 3.68419E+01	 2.11393E+01	 1.12595E+01	 1.96641E+01	 2.44978E+01	 2.57543E+01	 2.09542E+01	 2.04978E+01	 1.71623E+01	 1.61948E+01	 1.80905E+01	 1.44039E+01	 1.10812E+01	 1.74039E+01	 1.30474E+01	 1.72174E+01	 2.02687E+01	 3.24827E+01	 3.90832E+01	 3.88431E+01	 3.70223E+01	 2.16019E+01	 2.03771E+01	 2.73017E+01	 2.21947E+01	 2.58958E+01	 3.47843E+01	 3.92373E+01	 4.03868E+01	 3.72647E+01	 3.29475E+01	 2.59314E+01	 1.69294E+01	 1.12912E+01	 1.43222E+01	 1.96545E+01	 3.21777E+01	 4.64797E+01	 4.33694E+01	 4.11882E+01	 4.37967E+01	 4.53484E+01	 4.32543E+01	 4.12538E+01	 2.37328E+01	 1.46939E+01	 1.10744E+01	 1.14000E+01	 1.31775E+01	 2.04483E+01	 1.76279E+01	 1.66145E+01
 2.57399E+01	 1.86393E+01	 1.52010E+01	 1.99419E+01	 2.18492E+01	 2.25754E+01	 1.74141E+01	 2.08260E+01	 4.70746E+01	 6.07598E+01	 3.60392E+01	 3.57739E+01	 2.60746E+01	 1.95181E+01	 2.51188E+01	 2.32399E+01	 2.55827E+01	 2.02857E+01	 1.76019E+01	 2.13731E+01	 1.21388E+01	 6.52632E+00	 6.92025E+00	 8.18470E+00	 8.36591E+00	 1.90939E+01	 4.72857E+01	 6.58409E+01	 6.57945E+01	 4.06425E+01	 3.02377E+01	 3.29461E+01	 3.38235E+01	 2.68865E+01	 2.68779E+01	 2.49492E+01	 2.09772E+01	 3.75449E+01	 2.83435E+01	 3.37049E+01	 2.29257E+01	 1.82840E+01	 1.25744E+01	 1.95832E+01	 3.51545E+01	 5.02255E+01	 5.49238E+01	 4.73531E+01	 4.44580E+01	 3.64484E+01	 3.37794E+01	 2.57873E+01	 1.99039E+01	 1.51411E+01	 2.09694E+01	 1.44446E+01	 1.73041E+01	 1.56983E+01	 1.99746E+01	 2.18876E+01	 2.05191E+01
 5.58824E+01	 3.80941E+01	 2.17305E+01	 1.25487E+01	 1.59694E+01	 1.81794E+01	 1.53182E+01	 2.30784E+01	 5.05245E+01	 6.10066E+01	 3.63328E+01	 3.03297E+01	 3.26545E+01	 2.73409E+01	 2.79773E+01	 3.01983E+01	 2.29363E+01	 2.33431E+01	 2.07305E+01	 1.85593E+01	 7.27789E+00	 7.12219E+00	 9.08061E+00	 6.78395E+00	 6.30857E+00	 1.47252E+01	 4.97897E+01	 7.69515E+01	 5.51000E+01	 3.98786E+01	 2.47896E+01	 2.44009E+01	 3.08110E+01	 2.51388E+01	 1.65231E+01	 1.36752E+01	 1.21025E+01	 2.51932E+01	 1.43143E+01	 1.51539E+01	 1.70273E+01	 1.78911E+01	 1.91034E+01	 3.01171E+01	 4.04399E+01	 4.40917E+01	 4.99051E+01	 4.82637E+01	 4.69447E+01	 3.52970E+01	 2.25533E+01	 1.04163E+01	 1.23864E+01	 1.16486E+01	 1.11029E+01	 1.51459E+01	 1.58862E+01	 2.28804E+01	 2.24943E+01	 2.21664E+01	 1.43799E+01
 5.88444E+01	 5.88324E+01	 4.40049E+01	 2.04996E+01	 7.63613E+00	 6.91094E+00	 6.84314E+00	 2.36299E+01	 5.20429E+01	 4.74145E+01	 2.71660E+01	 2.39638E+01	 2.35025E+01	 2.06271E+01	 2.17919E+01	 3.33894E+01	 2.46774E+01	 2.41992E+01	 2.13182E+01	 1.43110E+01	 8.75877E+00	 8.96735E+00	 8.13312E+00	 6.64504E+00	 5.81105E+00	 7.93408E+00	 1.84694E+01	 3.69091E+01	 5.05909E+01	 5.38757E+01	 5.54238E+01	 4.32157E+01	 2.38786E+01	 1.33880E+01	 1.11411E+01	 1.37835E+01	 9.59653E+00	 1.41939E+01	 1.71546E+01	 1.58276E+01	 2.47896E+01	 3.13694E+01	 4.74100E+01	 5.31364E+01	 5.85317E+01	 3.98060E+01	 3.91183E+01	 5.05891E+01	 4.02582E+01	 2.61378E+01	 1.14492E+01	 8.03905E+00	 6.72728E+00	 4.36066E+00	 9.58476E+00	 1.56606E+01	 1.84990E+01	 1.88382E+01	 2.19294E+01	 1.51948E+01	 1.16755E+01
 5.00825E+01	 5.57755E+01	 5.03078E+01	 2.93333E+01	 1.04853E+01	 5.17194E+00	 6.43553E+00	 2.53868E+01	 4.45373E+01	 4.81789E+01	 2.89102E+01	 2.17119E+01	 2.21541E+01	 2.36384E+01	 1.86799E+01	 1.78137E+01	 2.42715E+01	 2.08504E+01	 1.67628E+01	 1.17780E+01	 6.46418E+00	 6.30996E+00	 5.89722E+00	 5.16394E+00	 5.59421E+00	 6.96012E+00	 9.59817E+00	 1.53482E+01	 3.39757E+01	 5.88563E+01	 5.31996E+01	 3.82549E+01	 1.70982E+01	 1.76425E+01	 3.19877E+01	 2.78017E+01	 2.27045E+01	 2.32738E+01	 2.58988E+01	 3.99537E+01	 5.44475E+01	 5.52823E+01	 6.30224E+01	 5.60834E+01	 5.26814E+01	 5.42069E+01	 4.69546E+01	 3.80057E+01	 3.17398E+01	 2.48169E+01	 1.06888E+01	 5.41463E+00	 4.42194E+00	 4.10464E+00	 8.53674E+00	 1.79163E+01	 2.12319E+01	 1.83676E+01	 1.64431E+01	 1.39531E+01	 1.18711E+01
 5.95471E+01	 4.70147E+01	 3.91673E+01	 3.53089E+01	 1.89610E+01	 7.33061E+00	 1.48116E+01	 2.73441E+01	 4.36984E+01	 4.61753E+01	 2.98864E+01	 2.55998E+01	 2.60223E+01	 2.38102E+01	 1.92628E+01	 1.75439E+01	 2.87736E+01	 2.11368E+01	 1.63043E+01	 1.35939E+01	 1.00517E+01	 7.00000E+00	 1.07938E+01	 1.44526E+01	 1.28771E+01	 1.18878E+01	 1.32736E+01	 1.27174E+01	 1.36539E+01	 2.96034E+01	 4.48721E+01	 3.87647E+01	 1.89363E+01	 1.60335E+01	 3.37780E+01	 3.00541E+01	 2.53632E+01	 2.60651E+01	 3.22138E+01	 4.62881E+01	 5.61989E+01	 5.93960E+01	 6.34025E+01	 6.52013E+01	 6.80115E+01	 7.00375E+01	 5.10227E+01	 3.77730E+01	 3.23297E+01	 2.41717E+01	 8.59978E+00	 6.45207E+00	 4.54073E+00	 6.07755E+00	 1.39620E+01	 1.99559E+01	 2.60280E+01	 2.43602E+01	 1.87717E+01	 1.83861E+01	 1.77527E+01
 5.05825E+01	 3.92843E+01	 3.62543E+01	 3.90278E+01	 4.05193E+01	 1.95214E+01	 1.53354E+01	 2.48088E+01	 3.45808E+01	 4.03133E+01	 3.30534E+01	 2.29389E+01	 1.62480E+01	 1.30773E+01	 1.18149E+01	 1.34198E+01	 1.41932E+01	 1.79347E+01	 2.21286E+01	 1.76393E+01	 8.87985E+00	 1.02556E+01	 1.39299E+01	 2.31458E+01	 2.64236E+01	 1.95439E+01	 1.81912E+01	 1.96765E+01	 1.62119E+01	 1.53889E+01	 2.33066E+01	 3.05359E+01	 2.23258E+01	 1.50354E+01	 1.87246E+01	 2.25526E+01	 2.41814E+01	 2.74712E+01	 3.59537E+01	 4.95578E+01	 5.11790E+01	 5.43541E+01	 6.28820E+01	 6.60272E+01	 6.93357E+01	 7.12409E+01	 6.59515E+01	 4.71257E+01	 2.64718E+01	 1.86279E+01	 9.50794E+00	 6.32543E+00	 5.70455E+00	 9.52169E+00	 1.43292E+01	 1.90533E+01	 1.98258E+01	 1.92426E+01	 1.99017E+01	 2.28927E+01	 2.22119E+01
 6.24356E+01	 3.15838E+01	 2.65744E+01	 3.11098E+01	 3.60935E+01	 1.98893E+01	 1.91484E+01	 2.94950E+01	 2.76789E+01	 2.12862E+01	 1.81034E+01	 1.02991E+01	 8.98562E+00	 9.29738E+00	 7.22612E+00	 6.63097E+00	 7.25933E+00	 6.83476E+00	 6.19804E+00	 7.94804E+00	 9.68692E+00	 5.46569E+00	 8.40388E+00	 1.80758E+01	 2.89718E+01	 3.52817E+01	 3.44069E+01	 2.75539E+01	 1.88659E+01	 1.71551E+01	 1.91932E+01	 2.55704E+01	 3.52873E+01	 3.14289E+01	 1.89163E+01	 1.43731E+01	 2.34484E+01	 3.20782E+01	 3.40428E+01	 4.70747E+01	 5.97175E+01	 5.91179E+01	 5.53072E+01	 5.65724E+01	 5.63164E+01	 6.46357E+01	 5.44331E+01	 3.17854E+01	 2.02240E+01	 1.53880E+01	 1.05000E+01	 4.67112E+00	 4.65715E+00	 8.28346E+00	 1.47659E+01	 1.60373E+01	 2.10082E+01	 2.07398E+01	 2.07843E+01	 1.64542E+01	 1.80956E+01
 4.25578E+01	 1.49163E+01	 9.67196E+00	 1.18169E+01	 1.41461E+01	 1.61799E+01	 1.56878E+01	 1.97674E+01	 2.13894E+01	 1.98864E+01	 1.80792E+01	 1.70827E+01	 1.62748E+01	 1.43482E+01	 9.88249E+00	 6.25856E+00	 5.95224E+00	 5.43553E+00	 1.13482E+01	 1.15779E+01	 8.37384E+00	 7.85249E+00	 6.66641E+00	 8.36781E+00	 1.22222E+01	 1.90412E+01	 2.48017E+01	 2.07450E+01	 1.86903E+01	 2.29039E+01	 2.35941E+01	 2.69526E+01	 3.32738E+01	 3.39118E+01	 2.48348E+01	 1.47687E+01	 2.45230E+01	 3.61226E+01	 3.78972E+01	 4.88496E+01	 5.23056E+01	 5.44424E+01	 5.50582E+01	 5.18927E+01	 5.34686E+01	 4.82916E+01	 3.45323E+01	 1.58198E+01	 1.20682E+01	 7.72728E+00	 6.47728E+00	 6.31899E+00	 5.93182E+00	 7.92196E+00	 8.87821E+00	 1.54856E+01	 2.47119E+01	 1.94619E+01	 1.94674E+01	 1.96663E+01	 1.90776E+01
 6.81899E+00	 7.87740E+00	 6.03166E+00	 6.82574E+00	 9.73472E+00	 1.47137E+01	 2.94637E+01	 3.17138E+01	 2.49790E+01	 1.69601E+01	 1.69827E+01	 1.78051E+01	 1.65910E+01	 1.19587E+01	 1.57377E+01	 1.11986E+01	 8.00000E+00	 7.00723E+00	 1.04046E+01	 1.55289E+01	 1.82862E+01	 1.52042E+01	 1.03711E+01	 4.68108E+00	 3.78054E+00	 4.77062E+00	 5.70599E+00	 9.73527E+00	 1.54339E+01	 2.68779E+01	 2.28474E+01	 1.69819E+01	 1.23731E+01	 1.29284E+01	 1.36231E+01	 1.42496E+01	 2.12612E+01	 3.04484E+01	 3.50917E+01	 4.19709E+01	 4.20841E+01	 4.55227E+01	 5.21427E+01	 4.95381E+01	 4.42851E+01	 2.89399E+01	 1.79963E+01	 1.26145E+01	 1.11546E+01	 1.05367E+01	 1.05095E+01	 1.96393E+01	 3.44167E+01	 3.47929E+01	 1.62327E+01	 1.15343E+01	 1.76102E+01	 2.01448E+01	 2.34448E+01	 2.38799E+01	 2.84746E+01
 5.55152E+00	 1.58731E+01	 1.89608E+01	 9.88892E+00	 1.78988E+01	 4.66278E+01	 4.60578E+01	 3.70343E+01	 3.22290E+01	 1.75760E+01	 1.69587E+01	 1.66919E+01	 1.65000E+01	 1.91145E+01	 2.23169E+01	 1.66947E+01	 8.79869E+00	 5.01837E+00	 9.11449E+00	 1.43686E+01	 2.78477E+01	 2.64790E+01	 8.92409E+00	 3.69685E+00	 4.93709E+00	 5.09002E+00	 5.71554E+00	 7.56652E+00	 1.02607E+01	 1.50396E+01	 1.18299E+01	 7.90086E+00	 5.03246E+00	 5.93512E+00	 5.10785E+00	 1.03671E+01	 2.57941E+01	 2.67990E+01	 2.89818E+01	 3.24236E+01	 3.43284E+01	 3.93802E+01	 4.39289E+01	 4.33014E+01	 2.72126E+01	 2.11551E+01	 1.89241E+01	 1.49763E+01	 2.22451E+01	 1.94461E+01	 2.88397E+01	 3.55159E+01	 2.54818E+01	 1.79749E+01	 1.01067E+01	 1.28678E+01	 8.92012E+00	 1.26298E+01	 2.57318E+01	 3.16757E+01	 2.43799E+01
 2.11475E+01	 1.93567E+01	 1.68961E+01	 9.38249E+00	 2.78868E+01	 4.82696E+01	 5.22941E+01	 4.17941E+01	 3.52723E+01	 2.57864E+01	 1.72398E+01	 1.84039E+01	 1.75784E+01	 2.24039E+01	 2.06365E+01	 1.56071E+01	 5.67245E+00	 2.84668E+00	 4.63622E+00	 9.21846E+00	 7.59743E+00	 6.50723E+00	 5.76906E+00	 5.36765E+00	 5.77789E+00	-1.83025E+00	 9.27764E-01	 3.65207E+00	 2.81498E+00	 5.04711E+00	 1.15128E+01	 1.17170E+01	 4.72612E+00	 4.43598E+00	 4.04018E+00	 6.20648E+00	 1.30784E+01	 2.74363E+01	 3.15392E+01	 2.83102E+01	 3.19241E+01	 3.75343E+01	 3.59463E+01	 3.21899E+01	 2.49694E+01	 2.04746E+01	 2.21171E+01	 1.70095E+01	 1.80187E+01	 2.38480E+01	 2.88482E+01	 2.16199E+01	 2.21067E+01	 1.96188E+01	 1.34510E+01	 9.12745E+00	 7.78738E+00	 1.16839E+01	 1.50487E+01	 2.61582E+01	 2.18066E+01
 1.91695E+01	 1.77780E+01	 2.74118E+01	 3.13338E+01	 4.62297E+01	 7.23357E+01	 7.42369E+01	 5.22377E+01	 4.15317E+01	 3.28078E+01	 2.71878E+01	 2.29608E+01	 2.89950E+01	 3.82636E+01	 2.25187E+01	 1.03659E+01	 3.79706E+00	 4.40042E+00	 6.10096E+00	 8.06562E+00	 7.12939E+00	 3.57975E+00	 5.60326E+00	 6.17563E+00	 4.33987E+00	 5.18408E+00	 4.76568E+00	 7.15148E+00	 1.02174E+01	 2.04447E+01	 3.91335E+01	 3.87232E+01	 1.79996E+01	 9.78659E+00	 4.58760E+00	 6.25000E+00	 1.27830E+01	 1.67671E+01	 2.45735E+01	 2.94202E+01	 2.76488E+01	 3.75828E+01	 4.46736E+01	 3.47543E+01	 1.94202E+01	 1.31078E+01	 1.71794E+01	 1.19211E+01	 1.09228E+01	 1.13831E+01	 8.09653E+00	 1.30951E+01	 1.54149E+01	 1.39228E+01	 1.26014E+01	 6.61449E+00	 5.11781E+00	 8.70648E+00	 1.23917E+01	 1.37500E+01	 2.31947E+01
 2.76641E+01	 2.71188E+01	 3.04257E+01	 2.69637E+01	 3.10450E+01	 5.91984E+01	 6.01092E+01	 5.99317E+01	 5.94360E+01	 5.83099E+01	 4.43135E+01	 3.26753E+01	 3.02137E+01	 3.04492E+01	 2.11376E+01	 8.05511E+00	 7.02756E+00	 7.29593E+00	 1.18116E+01	 1.87593E+01	 1.60848E+01	 1.10750E+01	 5.83888E+00	 5.32437E+00	 4.14017E+00	 4.90611E+00	 6.84312E+00	 1.41517E+01	 3.11882E+01	 4.51975E+01	 4.54210E+01	 3.86862E+01	 2.71437E+01	 1.66623E+01	 1.07065E+01	 1.24058E+01	 1.23456E+01	 1.42327E+01	 2.05744E+01	 2.76660E+01	 3.42478E+01	 3.01785E+01	 2.73688E+01	 2.15557E+01	 9.01841E+00	 5.14328E+00	 5.88124E+00	 9.26247E+00	 6.41019E+00	 8.00000E+00	 6.78033E+00	 7.98192E+00	 9.63968E+00	 9.20599E+00	 7.83924E+00	 5.38035E+00	 5.00523E+00	 7.84793E+00	 8.03674E+00	 1.36325E+01	 2.11480E+01
 2.24843E+01	 2.28598E+01	 2.47137E+01	 2.73878E+01	 4.02739E+01	 5.99956E+01	 6.82442E+01	 7.13357E+01	 7.07945E+01	 5.81738E+01	 4.20723E+01	 3.01591E+01	 2.81128E+01	 2.31695E+01	 2.18474E+01	 1.80982E+01	 1.70760E+01	 1.47353E+01	 1.38017E+01	 1.74102E+01	 1.41087E+01	 8.30434E+00	 4.50642E+00	 3.56562E+00	 2.93214E+00	 2.91487E+00	 7.41945E+00	 2.02026E+01	 3.29060E+01	 4.10215E+01	 4.54236E+01	 3.85687E+01	 3.59167E+01	 3.10948E+01	 1.82974E+01	 1.97630E+01	 2.24461E+01	 2.48779E+01	 2.58244E+01	 2.54461E+01	 2.52582E+01	 2.81893E+01	 3.40686E+01	 1.87780E+01	 7.26446E+00	 5.95224E+00	 7.21418E+00	 7.62714E+00	 9.52701E+00	 9.17519E+00	 1.37467E+01	 3.07843E+01	 3.66975E+01	 2.68786E+01	 1.85919E+01	 2.09275E+01	 1.52095E+01	 9.06430E+00	 5.32755E+00	 8.00523E+00	 1.35079E+01
 2.51583E+01	 2.48187E+01	 2.34950E+01	 2.70214E+01	 5.46984E+01	 8.51954E+01	 8.96954E+01	 8.25840E+01	 9.49574E+01	 9.62160E+01	 5.94956E+01	 3.33858E+01	 2.74757E+01	 2.32800E+01	 2.23328E+01	 2.52318E+01	 2.13188E+01	 1.10487E+01	 6.89935E+00	 6.64369E+00	 9.50584E+00	 8.26623E+00	 1.02924E+01	 6.12740E+00	 4.00374E+00	 3.53166E+00	 7.00000E+00	 1.58984E+01	 2.24198E+01	 2.82817E+01	 4.17557E+01	 4.60057E+01	 3.53209E+01	 2.48328E+01	 1.89160E+01	 1.36630E+01	 1.33235E+01	 1.86649E+01	 1.66752E+01	 1.09403E+01	 7.79738E+00	 9.64320E+00	 9.39106E+00	 5.66444E+00	 7.51623E+00	 9.94465E+00	 9.82441E+00	 1.07896E+01	 9.21204E+00	 1.12748E+01	 2.13492E+01	 3.90152E+01	 3.84859E+01	 2.66660E+01	 2.37126E+01	 2.68026E+01	 1.80292E+01	 8.16019E+00	 5.32927E+00	 7.08321E+00	 1.18713E+01
 3.91582E+01	 2.38878E+01	 2.35811E+01	 2.73066E+01	 4.94463E+01	 8.43531E+01	 8.43753E+01	 6.52582E+01	 6.06790E+01	 6.46410E+01	 7.27945E+01	 5.04537E+01	 3.15722E+01	 2.79458E+01	 3.24797E+01	 3.14061E+01	 3.57212E+01	 2.18117E+01	 1.21019E+01	 7.09391E+00	 4.90038E+00	 5.44306E+00	 4.57556E+00	 3.46695E+00	 3.66260E+00	 6.56488E+00	 1.24847E+01	 1.60496E+01	 2.75992E+01	 3.66738E+01	 4.14058E+01	 4.20909E+01	 4.24772E+01	 3.43958E+01	 2.68328E+01	 1.68448E+01	 8.31268E+00	 4.97511E+00	 8.15909E+00	 5.31157E+00	 4.59002E+00	 4.28659E+00	 5.91925E+00	 1.13244E+01	 1.72717E+01	 2.31067E+01	 2.52257E+01	 1.24827E+01	 1.17255E+01	 1.73711E+01	 2.63587E+01	 3.73683E+01	 2.90588E+01	 2.54018E+01	 2.34123E+01	 1.91794E+01	 1.20474E+01	 4.91094E+00	 5.55434E+00	 7.61275E+00	 9.56984E+00
 2.93988E+01	 3.27377E+01	 2.84996E+01	 3.05619E+01	 5.05076E+01	 8.72671E+01	 9.15940E+01	 6.33918E+01	 4.94235E+01	 5.64051E+01	 5.67027E+01	 6.07824E+01	 4.13767E+01	 4.32209E+01	 4.86177E+01	 4.36526E+01	 4.51335E+01	 2.81695E+01	 2.48401E+01	 1.06389E+01	 4.05288E+00	 3.29348E+00	 4.94662E+00	 4.82437E+00	 5.71012E+00	 1.85362E+01	 3.54885E+01	 2.81067E+01	 4.29314E+01	 5.13225E+01	 5.09842E+01	 4.21521E+01	 4.34021E+01	 4.25470E+01	 3.17963E+01	 2.31448E+01	 1.60086E+01	 6.69465E+00	 8.35134E+00	 7.57995E+00	 5.28705E+00	 5.18214E+00	 8.07127E+00	 1.88686E+01	 3.15049E+01	 3.99099E+01	 4.47607E+01	 3.23333E+01	 2.80905E+01	 3.93894E+01	 3.69380E+01	 3.35828E+01	 2.59419E+01	 3.22745E+01	 3.74706E+01	 3.26324E+01	 1.41314E+01	 5.42532E+00	 5.84312E+00	 1.13664E+01	 1.17298E+01
 2.68209E+01	 3.96584E+01	 3.42318E+01	 3.94173E+01	 5.20714E+01	 8.59069E+01	 1.14957E+02	 9.63249E+01	 8.99403E+01	 5.97976E+01	 4.39167E+01	 5.19125E+01	 5.83971E+01	 5.26053E+01	 4.71470E+01	 3.90471E+01	 4.05180E+01	 3.20439E+01	 2.78119E+01	 1.78143E+01	 8.72344E+00	 8.94797E+00	 9.98102E+00	 9.74020E+00	 2.07120E+01	 3.49921E+01	 3.50137E+01	 3.72535E+01	 4.94198E+01	 4.79238E+01	 4.73194E+01	 4.13632E+01	 4.94378E+01	 6.04173E+01	 5.73325E+01	 3.50750E+01	 2.29549E+01	 1.22516E+01	 9.46735E+00	 1.35075E+01	 1.02268E+01	 6.43048E+00	 5.96805E+00	 8.83116E+00	 2.56378E+01	 3.62385E+01	 3.94051E+01	 3.77857E+01	 4.28137E+01	 3.67042E+01	 3.81098E+01	 4.01545E+01	 3.18991E+01	 3.33683E+01	 4.11814E+01	 5.56776E+01	 2.76384E+01	 1.28777E+01	 7.06488E+00	 9.10709E+00	 1.02263E+01
 1.97142E+01	 1.50719E+01	 2.52214E+01	 2.32859E+01	 3.25578E+01	 5.42612E+01	 7.19222E+01	 7.60749E+01	 6.81156E+01	 6.24636E+01	 5.76418E+01	 6.87297E+01	 7.68991E+01	 6.10177E+01	 5.73322E+01	 6.83858E+01	 5.69630E+01	 3.17857E+01	 2.63878E+01	 1.90343E+01	 2.02010E+01	 1.95016E+01	 3.55826E+01	 4.25535E+01	 5.16667E+01	 3.56432E+01	 3.16368E+01	 2.99171E+01	 4.54021E+01	 4.26774E+01	 3.89515E+01	 3.90763E+01	 5.55359E+01	 5.54963E+01	 5.71882E+01	 2.62468E+01	 2.07087E+01	 1.42138E+01	 1.46304E+01	 8.13421E+00	 5.06268E+00	 6.86711E+00	 5.83760E+00	 6.15040E+00	 1.04252E+01	 3.29463E+01	 3.15633E+01	 3.83776E+01	 4.34238E+01	 3.03089E+01	 3.00882E+01	 2.88802E+01	 2.36746E+01	 1.82399E+01	 1.83602E+01	 3.04838E+01	 2.98498E+01	 9.79189E+00	 7.83321E+00	 1.37318E+01	 2.45494E+01
 1.85354E+01	 1.51630E+01	 2.58510E+01	 2.86784E+01	 4.58683E+01	 4.40877E+01	 4.70227E+01	 5.10179E+01	 4.92423E+01	 3.56569E+01	 3.67137E+01	 6.07549E+01	 7.13764E+01	 5.19876E+01	 5.66710E+01	 5.14301E+01	 6.69942E+01	 4.80642E+01	 3.54045E+01	 3.03060E+01	 2.26082E+01	 2.48078E+01	 3.00797E+01	 4.29093E+01	 5.38440E+01	 4.46924E+01	 2.82137E+01	 1.44623E+01	 2.64347E+01	 3.13814E+01	 3.99125E+01	 4.67196E+01	 4.02636E+01	 3.06689E+01	 2.74447E+01	 2.51365E+01	 1.80362E+01	 1.39299E+01	 1.80748E+01	 1.51784E+01	 8.77298E+00	 5.87745E+00	 6.64855E+00	 7.01568E+00	 8.53674E+00	 2.19021E+01	 3.62786E+01	 4.14175E+01	 3.79198E+01	 3.22661E+01	 2.60588E+01	 2.26702E+01	 1.92963E+01	 1.35732E+01	 1.81211E+01	 1.96774E+01	 2.06551E+01	 1.06814E+01	 1.06903E+01	 2.43842E+01	 4.19818E+01
 9.87714E+00	 1.41932E+01	 1.48659E+01	 1.84638E+01	 1.90238E+01	 2.66584E+01	 3.27549E+01	 3.76963E+01	 4.01177E+01	 4.23035E+01	 3.47607E+01	 4.33786E+01	 5.26777E+01	 4.75152E+01	 4.15256E+01	 3.08587E+01	 2.73637E+01	 3.62680E+01	 3.85324E+01	 4.45347E+01	 3.75633E+01	 2.96963E+01	 3.35506E+01	 2.11019E+01	 2.00758E+01	 2.39045E+01	 1.81602E+01	 1.00095E+01	 1.56717E+01	 2.10468E+01	 2.43893E+01	 2.89389E+01	 2.61736E+01	 2.48273E+01	 2.06105E+01	 1.84559E+01	 1.61330E+01	 1.17691E+01	 1.28492E+01	 1.88911E+01	 1.46286E+01	 7.69465E+00	 5.87976E+00	 5.52644E+00	 6.79711E+00	 1.07500E+01	 1.82257E+01	 2.67059E+01	 2.97736E+01	 2.52735E+01	 2.06304E+01	 1.08498E+01	 1.25206E+01	 2.05982E+01	 3.14772E+01	 5.27254E+01	 3.35637E+01	 1.38332E+01	 1.48017E+01	 3.05043E+01	 3.16098E+01
 1.37022E+01	 1.09810E+01	 1.78086E+01	 1.55016E+01	 1.57010E+01	 1.99265E+01	 2.41378E+01	 2.58878E+01	 2.32010E+01	 2.55792E+01	 2.77533E+01	 2.76539E+01	 3.73089E+01	 3.97851E+01	 3.78704E+01	 3.07549E+01	 2.37817E+01	 2.53735E+01	 2.77212E+01	 3.75428E+01	 5.59093E+01	 5.11204E+01	 4.63970E+01	 3.51177E+01	 2.75238E+01	 1.99339E+01	 1.01626E+01	 5.40950E+00	 6.03166E+00	 1.35517E+01	 1.73678E+01	 2.19559E+01	 2.03552E+01	 1.60974E+01	 1.51799E+01	 1.58731E+01	 1.40616E+01	 1.28188E+01	 1.74275E+01	 2.52087E+01	 1.92628E+01	 1.01741E+01	 5.76247E+00	 5.10145E+00	 7.17025E+00	 9.22180E+00	 8.86449E+00	 6.07603E+00	 7.71846E+00	 1.04804E+01	 1.10965E+01	 7.89874E+00	 8.47849E+00	 2.05396E+01	 4.50187E+01	 3.63771E+01	 2.28958E+01	 1.40171E+01	 1.18360E+01	 1.08694E+01	 9.89748E+00
 1.50941E+01	 9.72549E+00	 1.08699E+01	 1.57443E+01	 2.62714E+01	 2.85214E+01	 2.30454E+01	 1.15150E+01	 1.13480E+01	 1.68996E+01	 2.20167E+01	 2.50619E+01	 2.96584E+01	 3.46177E+01	 3.36437E+01	 3.27478E+01	 3.06358E+01	 3.12549E+01	 3.47116E+01	 3.88563E+01	 4.79873E+01	 4.87637E+01	 4.67745E+01	 4.71569E+01	 4.95057E+01	 4.59198E+01	 2.76453E+01	 1.23086E+01	 7.97210E+00	 8.91558E+00	 1.10339E+01	 1.03219E+01	 1.01159E+01	 9.10868E+00	 7.40086E+00	 1.15679E+01	 1.36279E+01	 1.52231E+01	 1.80688E+01	 2.11067E+01	 2.04827E+01	 1.20551E+01	 1.23169E+01	 8.72933E+00	 5.43214E+00	 5.30171E+00	 9.81880E+00	 9.43553E+00	 6.28960E+00	 7.48192E+00	 7.17886E+00	 4.22866E+00	 5.76898E+00	 9.92409E+00	 1.37706E+01	 1.68284E+01	 2.91364E+01	 3.77912E+01	 2.90792E+01	 1.42996E+01	 9.75642E+00
 2.99657E+01	 1.27543E+01	 1.33585E+01	 1.38804E+01	 1.42236E+01	 1.71567E+01	 1.86932E+01	 1.39009E+01	 9.07543E+00	 7.83116E+00	 1.57792E+01	 2.29890E+01	 3.66014E+01	 4.59480E+01	 3.71204E+01	 3.29083E+01	 3.36221E+01	 3.98802E+01	 3.96183E+01	 3.93225E+01	 4.57021E+01	 4.26899E+01	 4.07968E+01	 5.05891E+01	 6.62296E+01	 6.11984E+01	 4.44299E+01	 2.78620E+01	 1.79545E+01	 9.19324E+00	 9.41019E+00	 6.85848E+00	 6.49020E+00	 7.61781E+00	 1.40679E+01	 2.18911E+01	 2.71948E+01	 2.18441E+01	 1.47273E+01	 1.48911E+01	 1.82659E+01	 2.11785E+01	 2.46755E+01	 1.89163E+01	 9.14594E+00	 8.39796E+00	 7.78674E+00	 7.71805E+00	 7.97210E+00	 6.33476E+00	 6.28863E+00	 7.17989E+00	 7.25536E+00	 5.63124E+00	 8.44306E+00	 2.63567E+01	 4.37612E+01	 4.83683E+01	 3.66660E+01	 1.31869E+01	 6.69004E+00
 5.47971E+01	 2.42031E+01	 7.09391E+00	 7.68771E+00	 1.24278E+01	 1.50713E+01	 1.26571E+01	 9.36784E+00	 8.87768E+00	 1.07275E+01	 1.68680E+01	 2.47616E+01	 3.06488E+01	 4.13218E+01	 4.38425E+01	 3.76931E+01	 4.03223E+01	 4.55137E+01	 5.15556E+01	 5.32451E+01	 4.71656E+01	 5.37966E+01	 6.66179E+01	 7.30718E+01	 8.07111E+01	 7.84280E+01	 5.90735E+01	 3.81855E+01	 2.03360E+01	 1.02120E+01	 4.71418E+00	 3.62705E+00	 6.12555E+00	 1.11171E+01	 2.31188E+01	 3.81591E+01	 3.53089E+01	 2.06034E+01	 1.36365E+01	 1.93799E+01	 2.62010E+01	 2.73405E+01	 3.37218E+01	 4.48498E+01	 3.62327E+01	 1.72255E+01	 6.83404E+00	 5.08969E+00	 5.23472E+00	 6.11341E+00	 7.68391E+00	 1.17835E+01	 1.06077E+01	 6.47210E+00	 1.09442E+01	 1.59314E+01	 2.13204E+01	 2.76582E+01	 2.92928E+01	 1.57671E+01	 9.25428E+00
 5.21689E+01	 3.67549E+01	 9.97747E+00	 6.65715E+00	 1.30150E+01	 1.38091E+01	 1.74412E+01	 2.70490E+01	 2.04164E+01	 1.38846E+01	 1.96961E+01	 2.35784E+01	 3.06899E+01	 4.71324E+01	 5.41980E+01	 5.67254E+01	 5.94706E+01	 5.19804E+01	 4.56030E+01	 4.80272E+01	 5.35227E+01	 7.62015E+01	 1.06137E+02	 1.20843E+02	 9.58775E+01	 7.35705E+01	 6.61298E+01	 3.85657E+01	 2.21641E+01	 8.55524E+00	 4.39855E+00	 7.36275E+00	 1.03804E+01	 1.57402E+01	 2.22255E+01	 1.92108E+01	 1.75901E+01	 1.69195E+01	 2.10773E+01	 2.69616E+01	 3.04083E+01	 3.23088E+01	 2.79167E+01	 3.51365E+01	 3.04559E+01	 1.40381E+01	 7.66302E+00	 6.44685E+00	 5.95307E+00	 1.11539E+01	 7.32919E+00	 5.57215E+00	 5.15086E+00	 7.98192E+00	 1.05159E+01	 1.20992E+01	 1.44619E+01	 2.80797E+01	 3.01765E+01	 1.64746E+01	 1.27319E+01
 1.05951E+01	 1.14637E+01	 1.05982E+01	 8.05171E+00	 1.28771E+01	 1.04773E+01	 1.50159E+01	 1.58276E+01	 1.27356E+01	 1.74363E+01	 1.75610E+01	 1.95038E+01	 2.53060E+01	 2.70687E+01	 3.99189E+01	 4.94446E+01	 4.78671E+01	 4.63775E+01	 4.82731E+01	 4.33878E+01	 5.47116E+01	 8.31368E+01	 1.27321E+02	 1.23730E+02	 9.88151E+01	 8.26031E+01	 7.08530E+01	 5.56903E+01	 3.46837E+01	 1.49380E+01	 9.39320E+00	 9.89874E+00	 8.60772E+00	 8.26220E+00	 7.48040E+00	 9.83476E+00	 1.04892E+01	 1.32450E+01	 2.15064E+01	 2.91545E+01	 2.74637E+01	 4.62214E+01	 2.86453E+01	 2.36878E+01	 2.31362E+01	 1.45860E+01	 6.29238E+00	 5.20732E+00	 4.86658E+00	 9.34739E+00	 1.35187E+01	 1.17773E+01	 1.34877E+01	 1.18878E+01	 1.22645E+01	 8.19421E+00	 1.10812E+01	 2.49277E+01	 2.82318E+01	 2.94041E+01	 1.93431E+01
