//Exported ASCII-File
[Header]
FileName = C:\Users\reoml\Desktop\Mestrado\mapa raman\novas medidas\go_0.1_eda\GO_0.1_COM_EDA.WIP
ImageName = Scan_000_Spec.Data 1_F: Min & Max -> Maximum [1524.3 rel. 1/cm -> 1677.8 rel. 1/cm]
PointsPerLine = 61
LinesPerImage = 61
ScanUnit = µm
ScanWidth = 30
ScanHeight = 30
ScanOriginX = 0.13400000333786
ScanOriginY = 3.63100004196167
ScanOriginZ = 0
DataUnit = CCD cts
[Data]
 1.11784E+01	 7.18496E+00	 9.84718E+00	 9.73415E+00	 7.19464E+00	 7.98232E+00	 6.61111E+00	 6.39077E+00	 1.78030E+01	 2.11798E+01	 1.95384E+01	 3.38084E+01	 3.85386E+01	 3.87771E+01	 5.91788E+01	 5.89332E+01	 4.78227E+01	 3.04014E+01	 1.82769E+01	 1.31412E+01	 1.45177E+01	 1.54711E+01	 1.57378E+01	 2.51786E+01	 2.63956E+01	 2.58447E+01	 4.00990E+01	 5.16256E+01	 3.89138E+01	 3.03302E+01	 2.05997E+01	 1.01092E+01	 7.04272E+00	 7.84909E+00	 7.40646E+00	 8.86047E+00	 7.03632E+00	 1.12307E+01	 1.24943E+01	 1.55757E+01	 2.36332E+01	 1.79456E+01	 1.88257E+01	 2.66286E+01	 3.37694E+01	 2.43136E+01	 1.05127E+01	 9.66097E+00	 9.90091E+00	 8.72551E+00	 5.92868E+00	 9.83207E+00	 1.69489E+01	 3.20404E+01	 3.51602E+01	 4.43549E+01	 3.44932E+01	 2.17707E+01	 3.13988E+01	 1.49798E+01	 1.26944E+01
 3.38699E+00	 4.03912E+00	 6.22279E+00	 5.78912E+00	 7.14456E+00	 4.64710E+00	 5.65259E+00	 5.35922E+00	 6.31565E+00	 5.41211E+00	 6.99822E+00	 2.05603E+01	 3.99935E+01	 5.29410E+01	 6.89046E+01	 7.19012E+01	 4.57918E+01	 2.77178E+01	 1.77194E+01	 1.13519E+01	 1.01989E+01	 1.02664E+01	 1.01307E+01	 1.43497E+01	 2.11648E+01	 2.27318E+01	 3.27347E+01	 3.69286E+01	 1.79419E+01	 1.05966E+01	 7.69818E+00	 6.14711E+00	 6.48470E+00	 5.24676E+00	 4.04924E+00	 6.10922E+00	 8.01641E+00	 7.02331E+00	 9.37489E+00	 1.01270E+01	 1.42153E+01	 1.33639E+01	 1.02564E+01	 2.32398E+01	 3.64830E+01	 2.63738E+01	 1.30089E+01	 7.24719E+00	 5.50554E+00	 7.91097E+00	 1.01317E+01	 7.41916E+00	 1.27624E+01	 2.51369E+01	 4.06535E+01	 3.63229E+01	 2.64279E+01	 2.22378E+01	 1.17909E+01	 1.17809E+01	 7.46520E+00
 7.52398E+00	 7.11426E+00	 6.50000E+00	 7.91097E+00	 4.43344E+00	 5.18344E+00	 6.22551E+00	 5.40799E+00	 4.59279E+00	 5.73469E+00	 1.18010E+01	 2.60748E+01	 3.16771E+01	 4.54781E+01	 6.02159E+01	 4.85096E+01	 2.83542E+01	 2.47835E+01	 2.09944E+01	 1.37002E+01	 1.05485E+01	 7.07347E+00	 1.05485E+01	 1.20135E+01	 1.08136E+01	 1.92707E+01	 3.44760E+01	 2.84451E+01	 1.22999E+01	 9.17331E+00	 7.49036E+00	 1.06471E+01	 8.76768E+00	 7.25884E+00	 1.02619E+01	 9.43930E+00	 8.62185E+00	 9.35417E+00	 1.02443E+01	 1.02248E+01	 8.67233E+00	 7.07132E+00	 6.20706E+00	 1.48712E+01	 1.78340E+01	 1.55668E+01	 1.27784E+01	 8.11806E+00	 8.98738E+00	 6.59030E+00	 7.47647E+00	 1.26747E+01	 2.05694E+01	 2.39424E+01	 3.36786E+01	 2.94122E+01	 1.58879E+02	 5.43737E+01	 9.85204E+00	 1.11648E+01	 1.33447E+01
 1.02809E+01	 1.12435E+01	 1.02985E+01	 6.18247E+00	 5.26191E+00	 4.55424E+00	 4.93893E+00	 3.94274E+00	 3.87563E+00	 5.64962E+00	 1.64767E+01	 3.35902E+01	 3.42233E+01	 4.09445E+01	 5.53333E+01	 5.48472E+01	 4.33472E+01	 3.69098E+01	 3.63505E+01	 3.92034E+01	 3.99757E+01	 3.06771E+01	 2.55335E+01	 2.18277E+01	 1.41932E+01	 2.38640E+01	 3.43997E+01	 2.22652E+01	 9.84848E+00	 8.32195E+00	 7.24369E+00	 9.33399E+00	 1.09748E+01	 1.44558E+01	 1.47738E+01	 1.51919E+01	 1.28214E+01	 2.09369E+01	 2.19432E+01	 1.47248E+01	 1.13264E+01	 8.50337E+00	 5.72222E+00	 7.16667E+00	 1.21471E+01	 1.16825E+01	 9.17941E+00	 6.36908E+00	 5.62500E+00	 5.82886E+00	 7.35473E+00	 7.83545E+00	 1.43678E+01	 2.41181E+01	 2.72804E+01	 2.05177E+01	 1.36618E+01	 1.05587E+01	 1.08277E+01	 9.88197E+00	 9.48339E+00
 1.23471E+01	 7.97085E+00	 6.68056E+00	 4.97086E+00	 4.61803E+00	 6.36679E+00	 4.60668E+00	 4.14078E+00	 5.13402E+00	 5.99429E+00	 1.63472E+01	 3.38403E+01	 4.47426E+01	 6.23413E+01	 7.55837E+01	 6.93712E+01	 4.86795E+01	 3.63373E+01	 3.30972E+01	 3.68085E+01	 4.68688E+01	 6.24722E+01	 7.16111E+01	 4.96674E+01	 3.17536E+01	 3.95036E+01	 3.98256E+01	 2.29798E+01	 9.03928E+00	 7.43559E+00	 1.79305E+01	 3.45619E+01	 3.94073E+01	 3.94418E+01	 3.91603E+01	 3.17954E+01	 1.71066E+01	 2.10335E+01	 2.78084E+01	 2.32270E+01	 1.60290E+01	 1.00127E+01	 6.45577E+00	 1.02569E+01	 2.06294E+01	 2.24122E+01	 1.27638E+01	 6.96467E+00	 6.20158E+00	 7.49352E+00	 1.00957E+01	 1.12627E+01	 1.71097E+01	 2.27467E+01	 1.71151E+01	 1.21028E+01	 1.04792E+01	 9.66667E+00	 1.21650E+01	 2.52715E+01	 2.67842E+01
 6.94502E+00	 4.50000E+00	 6.37359E+00	 5.56310E+00	 7.65590E+00	 1.27039E+01	 1.83996E+01	 1.45959E+01	 7.85668E+00	 7.04727E+00	 1.38768E+01	 3.42387E+01	 5.11735E+01	 5.02398E+01	 4.81463E+01	 4.60088E+01	 4.22387E+01	 4.79473E+01	 6.48038E+01	 7.22496E+01	 8.71180E+01	 1.07054E+02	 1.13753E+02	 8.83121E+01	 5.46700E+01	 4.44935E+01	 4.28519E+01	 3.16239E+01	 1.08832E+01	 5.27331E+00	 7.37078E+00	 2.11280E+01	 3.60875E+01	 3.58283E+01	 3.11591E+01	 2.28630E+01	 2.26508E+01	 2.43348E+01	 2.73919E+01	 2.37991E+01	 1.84557E+01	 1.20789E+01	 6.45748E+00	 1.07251E+01	 1.85454E+01	 2.23403E+01	 1.50291E+01	 6.48544E+00	 4.70158E+00	 8.20158E+00	 1.01679E+01	 9.17941E+00	 1.33136E+01	 1.21002E+01	 1.27209E+01	 1.25590E+01	 1.18010E+01	 1.24694E+01	 1.28611E+01	 1.20208E+01	 1.51804E+01
 8.13826E+00	 5.42371E+00	 6.26191E+00	 6.65590E+00	 8.42331E+00	 1.80318E+01	 2.65024E+01	 2.10518E+01	 1.42857E+01	 1.57718E+01	 2.10204E+01	 2.31452E+01	 2.52852E+01	 4.45342E+01	 6.14082E+01	 4.93057E+01	 5.32596E+01	 5.98378E+01	 6.90710E+01	 7.56125E+01	 7.71443E+01	 9.10481E+01	 9.24740E+01	 8.49863E+01	 6.71701E+01	 5.06480E+01	 4.22302E+01	 3.79150E+01	 1.74065E+01	 5.40381E+00	 3.86666E+00	 5.84677E+00	 1.56641E+01	 2.72614E+01	 2.24817E+01	 1.64413E+01	 1.48119E+01	 1.70718E+01	 1.59678E+01	 1.44141E+01	 1.12691E+01	 6.15775E+00	 7.18930E+00	 1.63024E+01	 3.16945E+01	 3.03125E+01	 1.59898E+01	 8.41097E+00	 7.90594E+00	 5.29421E+00	 6.30096E+00	 1.04981E+01	 2.23354E+01	 2.67462E+01	 1.89014E+01	 1.16200E+01	 1.28793E+01	 1.34590E+01	 1.27614E+01	 1.05024E+01	 9.39265E+00
 7.66272E+00	 5.01768E+00	 8.03340E+00	 7.69131E+00	 1.38321E+01	 1.83194E+01	 2.41458E+01	 2.15902E+01	 2.13018E+01	 2.64615E+01	 2.63470E+01	 2.23402E+01	 1.24118E+01	 3.16951E+01	 7.24423E+01	 8.08384E+01	 6.82245E+01	 6.85069E+01	 6.91429E+01	 5.54174E+01	 5.92364E+01	 8.60621E+01	 9.59686E+01	 8.16892E+01	 7.22157E+01	 6.15683E+01	 4.90918E+01	 4.15607E+01	 2.91945E+01	 1.57589E+01	 7.84066E+00	 7.81484E+00	 8.59014E+00	 1.63138E+01	 1.64141E+01	 1.03838E+01	 8.66272E+00	 1.02500E+01	 1.02355E+01	 1.12347E+01	 1.35265E+01	 9.39962E+00	 8.52886E+00	 1.11528E+01	 1.32784E+01	 1.70603E+01	 1.09324E+01	 9.99170E+00	 1.06913E+01	 8.98469E+00	 1.14065E+01	 1.65530E+01	 3.30954E+01	 3.91389E+01	 3.55411E+01	 2.82699E+01	 1.77917E+01	 1.35218E+01	 1.29184E+01	 1.14612E+01	 1.35218E+01
 9.11301E+00	 5.13699E+00	 6.92751E+00	 2.11223E+01	 1.88813E+01	 1.57601E+01	 1.68673E+01	 2.06250E+01	 3.94781E+01	 4.19916E+01	 4.98027E+01	 3.38151E+01	 2.16294E+01	 3.62905E+01	 5.69017E+01	 5.67766E+01	 6.20342E+01	 4.65412E+01	 4.28988E+01	 4.13675E+01	 4.77880E+01	 9.96902E+01	 1.15614E+02	 8.62274E+01	 6.94402E+01	 7.59937E+01	 5.34375E+01	 3.52672E+01	 4.03264E+01	 1.91924E+01	 1.75093E+01	 1.63155E+01	 1.64456E+01	 1.21029E+01	 1.19685E+01	 5.50000E+00	 5.78632E+00	 7.72020E+00	 7.83399E+00	 1.52618E+01	 2.88362E+02	 1.02500E+01	 1.02980E+01	 1.24847E+01	 1.14668E+01	 1.22789E+01	 1.06028E+01	 1.01298E+01	 1.29059E+01	 1.16944E+01	 1.84298E+01	 1.97707E+01	 3.12424E+01	 4.29215E+01	 4.19831E+01	 3.60474E+01	 2.87766E+01	 2.25875E+01	 1.73810E+01	 1.64250E+01	 1.69179E+01
 1.97909E+01	 1.12568E+01	 1.07576E+01	 3.32462E+01	 2.47467E+01	 1.74658E+01	 1.43918E+01	 1.73977E+01	 3.52327E+01	 2.82718E+01	 2.30679E+01	 2.65619E+01	 2.78447E+01	 2.98864E+01	 2.94564E+01	 4.47122E+01	 4.32331E+01	 2.62126E+01	 2.49488E+01	 3.00093E+01	 4.77974E+01	 8.69677E+01	 8.66864E+01	 7.21786E+01	 7.21310E+01	 8.76722E+01	 5.20670E+01	 3.42976E+01	 3.53675E+01	 1.96234E+01	 9.49182E+00	 1.56151E+01	 1.81469E+01	 1.03502E+01	 7.46696E+00	 5.48107E+00	 5.61774E+00	 8.45833E+00	 9.00691E+00	 1.29529E+01	 1.34854E+01	 1.57524E+01	 1.50357E+01	 1.72966E+01	 2.07466E+01	 1.66528E+01	 1.80207E+01	 1.93528E+01	 1.48781E+01	 1.41913E+01	 1.83485E+01	 2.05562E+01	 3.34615E+01	 4.05825E+01	 4.24751E+01	 3.83667E+01	 2.81944E+01	 2.70947E+01	 2.20204E+01	 1.74284E+01	 2.07443E+01
 2.42228E+01	 2.72228E+01	 2.16919E+01	 3.13427E+01	 2.70687E+01	 1.63358E+01	 1.14202E+01	 1.52403E+01	 2.11750E+01	 1.57002E+01	 2.22779E+01	 2.55209E+01	 3.01622E+01	 3.09146E+01	 3.88549E+01	 5.20764E+01	 3.86626E+01	 3.02228E+01	 3.56988E+01	 4.10825E+01	 5.74215E+01	 7.73122E+01	 6.93127E+01	 5.71258E+01	 6.89787E+01	 7.00340E+01	 4.66715E+01	 2.54855E+01	 1.60309E+01	 1.00913E+01	 2.11396E+01	 4.63060E+01	 5.35860E+01	 3.64388E+01	 1.77614E+01	 5.38104E+00	 6.40594E+00	 1.14148E+01	 1.11160E+01	 8.86735E+00	 1.30814E+01	 1.56462E+01	 1.95524E+01	 1.92093E+01	 2.56771E+01	 3.05802E+01	 3.42646E+01	 3.01452E+01	 2.00853E+01	 1.86323E+01	 2.45335E+01	 2.82393E+01	 3.97476E+01	 4.20317E+01	 3.80585E+01	 3.30083E+01	 3.32520E+01	 2.87520E+01	 2.31140E+01	 2.12228E+01	 1.85637E+01
 5.35723E+01	 4.12845E+01	 2.21149E+01	 1.76945E+01	 1.60840E+01	 9.61553E+00	 9.53016E+00	 9.88577E+00	 1.08485E+01	 1.49653E+01	 2.02645E+01	 2.56427E+01	 2.83739E+01	 3.50996E+01	 5.79913E+01	 6.50562E+01	 6.26725E+01	 4.87670E+01	 3.00193E+01	 3.80986E+01	 6.31131E+01	 7.62014E+01	 6.27665E+01	 5.09887E+01	 5.65418E+01	 5.34919E+01	 2.81203E+01	 1.28267E+01	 8.06484E+00	 1.31477E+01	 4.47078E+01	 6.01384E+01	 6.68618E+01	 8.30248E+01	 7.58253E+01	 3.59767E+01	 1.35777E+01	 1.50442E+01	 1.56389E+01	 9.58505E+00	 1.10714E+01	 1.99138E+01	 2.06747E+01	 2.19180E+01	 2.83810E+01	 3.73664E+01	 3.89583E+01	 3.70139E+01	 3.08611E+01	 2.30884E+01	 2.09944E+01	 2.75323E+01	 3.26419E+01	 3.82631E+01	 4.32347E+01	 3.58308E+01	 2.89167E+01	 2.51259E+01	 2.08199E+01	 2.34141E+01	 2.06805E+01
 3.26419E+01	 2.04054E+01	 1.14260E+01	 8.41154E+00	 6.94558E+00	 8.19558E+00	 9.42597E+00	 8.78537E+00	 1.09148E+01	 1.54495E+01	 2.18889E+01	 3.17917E+01	 5.30625E+01	 7.20621E+01	 8.70437E+01	 9.63651E+01	 8.86479E+01	 5.36535E+01	 2.48333E+01	 2.54557E+01	 4.10329E+01	 5.03227E+01	 4.32855E+01	 4.25418E+01	 5.83019E+01	 5.23874E+01	 3.00036E+01	 1.18870E+01	 6.75633E+00	 1.55069E+01	 1.99180E+01	 2.61427E+01	 3.20209E+01	 3.12393E+01	 3.96674E+01	 5.17931E+01	 3.46484E+01	 1.60651E+01	 1.11042E+01	 8.31935E+00	 1.18466E+01	 2.55208E+01	 3.05032E+01	 2.71472E+01	 3.11497E+01	 4.26573E+01	 4.02791E+01	 2.77753E+01	 2.36167E+01	 2.52369E+01	 3.64167E+01	 4.21112E+01	 3.48738E+01	 3.70562E+01	 3.68416E+01	 3.21768E+01	 2.95986E+01	 2.41680E+01	 1.98095E+01	 1.98864E+01	 2.26238E+01
 1.26439E+01	 1.43459E+01	 1.02569E+01	 9.02838E+00	 7.47476E+00	 8.06250E+00	 8.14710E+00	 9.21845E+00	 1.17121E+01	 1.33049E+01	 1.88367E+01	 3.79916E+01	 5.54694E+01	 7.83184E+01	 9.61966E+01	 8.64763E+01	 6.03271E+01	 2.97665E+01	 1.85076E+01	 2.07638E+01	 2.77954E+01	 3.26111E+01	 3.73549E+01	 4.29060E+01	 5.84149E+01	 5.54057E+01	 2.98850E+01	 9.94131E+00	 5.29924E+00	 4.50000E+00	 5.16723E+00	 9.53095E+00	 1.18184E+01	 9.88197E+00	 1.10707E+01	 2.74893E+01	 3.43775E+01	 1.89590E+01	 8.34465E+00	 9.63070E+00	 1.55486E+01	 2.26496E+01	 2.77922E+01	 2.42493E+01	 2.89065E+01	 3.59048E+01	 3.59976E+01	 3.05435E+01	 2.29660E+01	 2.34122E+01	 2.92954E+01	 2.90083E+01	 2.49091E+01	 2.91951E+01	 3.19022E+01	 3.18119E+01	 2.75207E+01	 2.72974E+01	 2.34779E+01	 2.49122E+01	 2.98958E+01
 1.29071E+01	 1.70024E+01	 1.52384E+01	 1.58977E+01	 6.63953E+00	 5.33221E+00	 8.03179E+00	 1.18136E+01	 1.79008E+01	 1.89279E+01	 2.31458E+01	 4.14272E+01	 7.50124E+01	 8.16744E+01	 8.70892E+01	 4.12132E+01	 1.95568E+01	 1.23049E+01	 1.50069E+01	 2.17153E+01	 2.79286E+01	 3.11111E+01	 3.47561E+01	 3.40061E+01	 4.14799E+01	 4.50414E+01	 2.16140E+01	 7.05763E+00	 6.03340E+00	 4.29668E+00	 5.75212E+00	 8.72755E+00	 9.37118E+00	 5.47279E+00	 6.43245E+00	 6.98169E+00	 1.18977E+01	 1.03129E+01	 9.52652E+00	 1.29413E+01	 1.56458E+01	 1.95618E+01	 2.12398E+01	 2.04813E+01	 2.45207E+01	 2.90215E+01	 2.63179E+01	 2.65093E+01	 2.61415E+01	 2.68119E+01	 2.44395E+01	 2.58691E+01	 2.28283E+01	 2.69286E+01	 2.68151E+01	 2.83151E+01	 2.83127E+01	 2.65903E+01	 2.68214E+01	 2.69494E+01	 2.52267E+01
 1.60655E+01	 2.47233E+01	 3.06941E+01	 1.53734E+01	 1.00124E+01	 1.22101E+01	 1.51845E+01	 1.61199E+01	 1.82809E+01	 2.30518E+01	 2.37718E+01	 3.65796E+01	 6.88890E+01	 7.20008E+01	 7.85771E+01	 5.55329E+01	 1.86370E+01	 1.23794E+01	 1.43794E+01	 2.55101E+01	 3.43984E+01	 3.36206E+01	 3.59028E+01	 4.09956E+01	 4.45380E+01	 5.02912E+01	 1.46164E+01	 8.83841E+00	 7.37817E+00	 7.13070E+00	 8.74676E+00	 9.31680E+00	 6.83505E+00	 6.25000E+00	 7.00000E+00	 8.86806E+00	 9.75633E+00	 1.83858E+01	 2.19709E+01	 2.57090E+01	 2.19250E+01	 1.92481E+01	 1.83817E+01	 2.19878E+01	 2.77864E+01	 2.75995E+01	 2.40595E+01	 2.40085E+01	 2.36139E+01	 2.44767E+01	 2.48826E+01	 2.69003E+01	 2.60120E+01	 3.06434E+01	 3.05447E+01	 2.82974E+01	 3.10020E+01	 3.13675E+01	 3.42213E+01	 3.22880E+01	 3.10317E+01
 1.96496E+01	 2.47620E+01	 1.88367E+01	 1.45875E+01	 1.20301E+01	 2.08908E+01	 2.13187E+01	 1.54678E+01	 1.77444E+01	 1.54202E+01	 1.60485E+01	 2.14569E+01	 5.27387E+01	 8.15532E+01	 8.31443E+01	 8.49742E+01	 2.71238E+01	 1.62491E+01	 2.01959E+01	 2.33151E+01	 3.01768E+01	 3.02620E+01	 3.51817E+01	 3.88033E+01	 4.33920E+01	 4.70036E+01	 1.48977E+01	 2.49268E+01	 2.00796E+01	 1.05354E+01	 1.26648E+01	 1.07481E+01	 1.01641E+01	 8.81565E+00	 4.96012E+00	 9.93539E+00	 1.85485E+01	 4.07233E+01	 6.09477E+01	 5.55771E+01	 3.81768E+01	 2.90177E+01	 2.05825E+01	 2.42797E+01	 2.26259E+01	 2.27690E+01	 2.79357E+01	 3.00386E+01	 2.53375E+01	 2.57222E+01	 2.82548E+01	 3.14003E+01	 3.40619E+01	 4.97709E+01	 4.14779E+01	 3.35083E+01	 3.50775E+01	 4.28858E+01	 4.11952E+01	 4.06932E+01	 4.14902E+01
 1.50924E+01	 2.86427E+01	 2.18118E+01	 1.52267E+01	 1.39548E+01	 2.03024E+01	 1.71805E+01	 1.28077E+01	 1.59325E+01	 1.13466E+01	 1.14361E+01	 1.28214E+01	 3.45947E+01	 7.81344E+01	 8.65997E+01	 3.73889E+01	 9.82568E+00	 3.17677E+01	 3.92387E+01	 3.36097E+01	 2.90923E+01	 3.15927E+01	 3.73058E+01	 4.06188E+01	 5.71479E+01	 2.81238E+01	 1.64419E+01	 3.88239E+01	 4.25405E+01	 1.53804E+01	 9.66479E+00	 1.14284E+01	 1.01826E+01	 9.73169E+00	 6.78093E+00	 8.91603E+00	 9.98469E+00	 1.29279E+01	 2.36769E+01	 4.01250E+01	 3.15764E+01	 2.25139E+01	 1.83151E+01	 1.34250E+01	 1.88927E+01	 2.43068E+01	 2.79962E+01	 3.76456E+01	 2.62370E+01	 2.90447E+01	 2.76109E+01	 2.60204E+01	 2.82779E+01	 4.31001E+01	 4.44102E+01	 3.67126E+01	 5.94132E+01	 6.63403E+01	 6.19937E+01	 5.13704E+01	 3.38681E+01
 1.43301E+01	 3.11427E+01	 3.25048E+01	 2.17398E+01	 1.46294E+01	 2.07194E+01	 2.02878E+01	 1.11028E+01	 1.28151E+01	 1.33384E+01	 1.12134E+01	 1.32248E+01	 1.78360E+01	 3.04253E+01	 2.40642E+01	 2.38666E+01	 2.63403E+01	 2.89117E+01	 3.16577E+01	 2.75884E+01	 3.41673E+01	 3.23197E+01	 4.27366E+01	 5.48106E+01	 6.75775E+01	 2.38640E+01	 8.64353E+00	 1.06320E+01	 1.29571E+01	 8.88453E+00	 1.11956E+01	 8.73469E+00	 8.46336E+00	 5.56701E+00	 7.36426E+00	 8.62786E+00	 1.26439E+01	 9.65241E+00	 9.82675E+00	 1.77004E+01	 2.16617E+01	 1.08519E+01	 1.00051E+01	 1.47568E+01	 1.39339E+01	 2.71597E+01	 2.93956E+01	 3.05937E+01	 3.28016E+01	 2.96181E+01	 2.32228E+01	 2.36130E+01	 2.98187E+01	 3.90063E+01	 4.70916E+01	 4.17606E+01	 6.83337E+01	 5.02318E+01	 3.92631E+01	 3.14779E+01	 3.10673E+01
 1.36667E+01	 2.41149E+01	 3.62279E+01	 2.35748E+01	 1.36559E+01	 1.40655E+01	 2.00176E+01	 1.21861E+01	 9.93454E+00	 1.04167E+01	 1.01307E+01	 1.06332E+01	 9.45748E+00	 1.79653E+01	 2.66130E+01	 3.78119E+01	 4.18704E+01	 2.83997E+01	 2.75858E+01	 2.34417E+01	 3.23810E+01	 4.09167E+01	 4.78194E+01	 5.78947E+01	 4.12053E+01	 1.34709E+01	 5.24429E+00	 6.74170E+00	 5.91479E+00	 8.48469E+00	 1.20985E+01	 1.15301E+01	 8.36553E+00	 4.64711E+00	 4.84014E+00	 7.13070E+00	 9.81310E+00	 1.02481E+01	 1.54668E+01	 1.27973E+01	 8.87967E+00	 9.59593E+00	 6.05248E+00	 5.19363E+00	 7.50000E+00	 2.55556E+01	 3.19388E+01	 3.58454E+01	 4.10103E+01	 3.72210E+01	 3.41591E+01	 2.74728E+01	 3.23239E+01	 3.63275E+01	 3.76111E+01	 2.95903E+01	 4.67867E+01	 4.66603E+01	 3.45783E+01	 3.43704E+01	 3.46689E+01
 1.72847E+01	 2.95152E+01	 3.63608E+01	 2.82503E+01	 1.61396E+01	 1.28794E+01	 1.44260E+01	 1.07942E+01	 1.14306E+01	 1.04640E+01	 9.51014E+00	 8.75633E+00	 1.28466E+01	 2.38325E+01	 4.13519E+01	 6.26738E+01	 4.58170E+01	 2.25867E+01	 2.34303E+01	 2.95417E+01	 3.90346E+01	 4.62126E+01	 4.99473E+01	 4.81019E+01	 2.43990E+01	 7.26014E+00	 6.84593E+00	 5.98292E+00	 7.44363E+00	 7.76191E+00	 1.25568E+01	 1.46496E+01	 1.22354E+01	 1.35510E+01	 1.49184E+01	 1.53873E+01	 1.34558E+01	 1.19167E+01	 1.20524E+01	 1.08926E+01	 1.13465E+01	 1.41806E+01	 6.70833E+00	 4.79985E+00	 7.60417E+00	 1.74847E+01	 3.11497E+01	 3.92935E+01	 3.59167E+01	 3.93725E+01	 3.22278E+01	 2.92493E+01	 2.95442E+01	 3.28214E+01	 2.68349E+01	 2.71768E+01	 3.05435E+01	 3.81768E+01	 3.71206E+01	 3.79598E+01	 3.56274E+01
 1.43136E+01	 2.78447E+01	 5.00416E+01	 4.14098E+01	 1.83471E+01	 9.75241E+00	 1.01904E+01	 1.02455E+01	 9.12697E+00	 7.90646E+00	 8.92331E+00	 1.18068E+01	 1.49548E+01	 3.25856E+01	 5.33108E+01	 5.94375E+01	 4.12136E+01	 1.88649E+01	 2.83771E+01	 3.62607E+01	 5.36614E+01	 5.52790E+01	 5.87476E+01	 4.22267E+01	 1.73207E+01	 8.99810E+00	 1.20782E+01	 9.31565E+00	 6.36047E+00	 1.03547E+01	 1.55757E+01	 1.72627E+01	 1.78352E+01	 2.06670E+01	 2.07036E+01	 1.77973E+01	 1.45884E+01	 9.25633E+00	 5.27676E+00	 6.51641E+00	 6.45894E+00	 6.48339E+00	 4.09336E+00	 2.90287E+00	 7.60292E+00	 1.71710E+01	 3.82347E+01	 4.57416E+01	 3.73428E+01	 3.09048E+01	 2.99534E+01	 2.80775E+01	 2.58775E+01	 2.74943E+01	 3.25764E+01	 3.44268E+01	 3.69751E+01	 3.96475E+01	 4.28493E+01	 4.22264E+01	 4.48229E+01
 1.47638E+01	 2.31066E+01	 3.66768E+01	 2.82278E+01	 1.55524E+01	 1.38049E+01	 1.07317E+01	 9.88684E+00	 9.84848E+00	 9.50694E+00	 1.00024E+01	 1.36747E+01	 1.64059E+01	 3.01817E+01	 4.80481E+01	 4.49764E+01	 3.87297E+01	 2.59077E+01	 4.13611E+01	 4.91601E+01	 5.46302E+01	 5.90707E+01	 5.36546E+01	 3.30355E+01	 1.21747E+01	 9.50760E+00	 1.05089E+01	 8.41779E+00	 6.13269E+00	 1.07417E+01	 1.76798E+01	 1.84962E+01	 2.12462E+01	 2.14097E+01	 2.28956E+01	 1.90048E+01	 1.75556E+01	 1.63611E+01	 1.86268E+01	 1.48832E+01	 6.13928E+00	 3.62943E+00	 3.76352E+00	 6.92363E+00	 1.09184E+01	 3.29010E+01	 5.16344E+01	 4.35585E+01	 3.78233E+01	 3.18454E+01	 3.00269E+01	 3.25051E+01	 2.83878E+01	 3.16941E+01	 3.19710E+01	 3.12279E+01	 2.98605E+01	 3.16522E+01	 3.63239E+01	 3.72476E+01	 4.91597E+01
 1.33912E+01	 1.38282E+01	 1.84502E+01	 1.93896E+01	 1.39229E+01	 1.33119E+01	 1.13932E+01	 9.92331E+00	 1.15757E+01	 1.20841E+01	 1.45821E+01	 1.46149E+01	 1.78561E+01	 1.90618E+01	 1.96028E+01	 1.92178E+01	 2.43921E+01	 3.96795E+01	 4.65278E+01	 3.90972E+01	 3.89057E+01	 5.91545E+01	 4.33667E+01	 1.89563E+01	 1.07209E+01	 1.59303E+01	 1.51845E+01	 8.56993E+00	 8.81250E+00	 1.36845E+01	 2.46140E+01	 2.53956E+01	 2.30687E+01	 3.30825E+01	 3.67588E+01	 2.63640E+01	 2.38325E+01	 3.04417E+01	 3.95364E+01	 2.30176E+01	 7.85344E+00	 5.53155E+00	 4.93496E+00	 4.41097E+00	 6.22755E+00	 1.62051E+01	 2.58095E+01	 2.87886E+01	 4.09622E+01	 3.84893E+01	 2.81827E+01	 2.61310E+01	 2.37432E+01	 2.73486E+01	 2.59180E+01	 2.47797E+01	 2.77797E+01	 3.43611E+01	 3.54779E+01	 4.12366E+01	 4.77914E+01
 1.42075E+01	 1.30568E+01	 1.32999E+01	 1.45466E+01	 1.28734E+01	 8.36774E+00	 1.09247E+01	 1.55821E+01	 1.29324E+01	 1.36891E+01	 1.50577E+01	 1.24184E+01	 1.20482E+01	 1.39966E+01	 1.21199E+01	 1.39391E+01	 3.03318E+01	 5.10456E+01	 4.45276E+01	 3.61203E+01	 3.77791E+01	 3.76225E+01	 3.03101E+01	 1.02569E+01	 6.34593E+00	 1.41845E+01	 2.22467E+01	 1.76994E+01	 1.46747E+01	 2.49634E+01	 2.57279E+01	 2.63819E+01	 3.07122E+01	 4.37431E+01	 2.92520E+01	 2.05679E+01	 2.36167E+01	 3.41140E+01	 4.47954E+01	 3.18087E+01	 1.02185E+01	 9.38450E+00	 5.28821E+00	 1.05208E+01	 1.30347E+01	 6.61735E+00	 8.39636E+00	 1.47676E+01	 2.48472E+01	 2.88542E+01	 3.18738E+01	 2.80819E+01	 2.50364E+01	 2.55474E+01	 2.48495E+01	 2.09180E+01	 2.22386E+01	 2.91456E+01	 2.80714E+01	 3.26203E+01	 3.92251E+01
 1.43151E+01	 1.28942E+01	 1.15495E+01	 1.24981E+01	 1.33213E+01	 1.14385E+01	 1.19590E+01	 1.33520E+01	 1.25490E+01	 1.45619E+01	 1.48155E+01	 1.36839E+01	 1.32140E+01	 1.39354E+01	 1.07114E+01	 1.25466E+01	 2.71480E+01	 4.72984E+01	 5.33726E+01	 4.00152E+01	 2.79010E+01	 2.02974E+01	 1.34419E+01	 6.37925E+00	 9.34661E+00	 2.01294E+01	 1.63977E+01	 1.67898E+01	 2.11804E+01	 2.95538E+01	 2.56286E+01	 2.53997E+01	 2.60386E+01	 2.48283E+01	 2.03782E+01	 2.32790E+01	 3.36641E+01	 3.52432E+01	 3.28095E+01	 2.76421E+01	 1.77665E+01	 1.48797E+01	 6.11462E+00	 7.98169E+00	 2.58870E+01	 2.56234E+01	 1.19601E+01	 1.51439E+01	 2.06508E+01	 2.13063E+01	 2.77626E+01	 3.49349E+01	 3.47402E+01	 3.28635E+01	 2.92753E+01	 2.54830E+01	 2.48264E+01	 2.30954E+01	 2.31212E+01	 2.70687E+01	 2.59269E+01
 2.14993E+01	 2.50687E+01	 1.86178E+01	 1.51988E+01	 1.06839E+01	 1.30618E+01	 1.42048E+01	 1.63768E+01	 1.56297E+01	 1.51389E+01	 1.37985E+01	 1.73340E+01	 1.75568E+01	 1.60424E+01	 1.13677E+01	 8.14181E+00	 5.15381E+00	 8.77083E+00	 2.46768E+01	 3.28060E+01	 3.49799E+01	 2.51459E+01	 9.17103E+00	 5.65594E+00	 9.10473E+00	 1.45587E+01	 1.13375E+01	 1.70809E+01	 2.12708E+01	 2.89117E+01	 2.82639E+01	 2.52328E+01	 2.38630E+01	 2.25694E+01	 2.60290E+01	 2.54162E+01	 3.40556E+01	 2.88681E+01	 3.87443E+01	 4.54035E+01	 5.16749E+01	 4.27847E+01	 1.07569E+01	 4.36774E+00	 1.01199E+01	 3.22665E+01	 2.24931E+01	 1.15821E+01	 1.54558E+01	 1.99495E+01	 2.81951E+01	 3.25783E+01	 2.82976E+01	 2.64678E+01	 2.93630E+01	 2.94966E+01	 2.40447E+01	 2.39709E+01	 2.31805E+01	 2.39248E+01	 2.64138E+01
 3.27361E+01	 2.79967E+01	 2.62707E+01	 2.25309E+01	 1.45218E+01	 1.16867E+01	 1.22209E+01	 1.48832E+01	 1.59236E+01	 1.32209E+01	 1.74575E+01	 1.74031E+01	 1.96139E+01	 1.47466E+01	 1.25347E+01	 9.93245E+00	 9.44558E+00	 9.13070E+00	 2.38056E+01	 3.02141E+01	 2.66554E+01	 1.14337E+01	 5.86735E+00	 7.34014E+00	 8.19502E+00	 1.00631E+01	 9.40775E+00	 1.68723E+01	 2.40694E+01	 2.10860E+01	 2.71932E+01	 2.33471E+01	 3.01151E+01	 2.80995E+01	 3.50595E+01	 5.18958E+01	 5.69236E+01	 4.37034E+01	 4.36889E+01	 4.10825E+01	 3.11753E+01	 2.45335E+01	 1.29236E+01	 7.02838E+00	 1.02942E+01	 1.13157E+01	 7.97279E+00	 6.56310E+00	 1.16648E+01	 1.19361E+01	 1.61571E+01	 2.09590E+01	 2.03611E+01	 2.17772E+01	 2.57986E+01	 2.57772E+01	 2.69150E+01	 2.57677E+01	 2.49536E+01	 2.13896E+01	 1.91869E+01
 4.29073E+01	 3.74710E+01	 3.24268E+01	 2.15796E+01	 1.47857E+01	 1.24563E+01	 1.27652E+01	 1.37158E+01	 1.60482E+01	 1.74563E+01	 1.93118E+01	 2.15461E+01	 1.83977E+01	 1.26919E+01	 9.62943E+00	 9.50887E+00	 1.30051E+01	 1.68087E+01	 1.83138E+01	 1.09601E+01	 6.00000E+00	 5.80424E+00	 5.94131E+00	 7.79662E+00	 9.28089E+00	 9.57543E+00	 1.59456E+01	 1.54393E+01	 1.92618E+01	 8.01451E+00	 1.07317E+01	 2.16803E+01	 3.22917E+01	 3.77034E+01	 5.45242E+01	 6.40723E+01	 5.68271E+01	 4.90415E+01	 4.61674E+01	 3.62829E+01	 3.66181E+01	 3.31715E+01	 2.26817E+01	 1.30629E+01	 1.21806E+01	 5.66097E+00	 3.19371E+00	 1.32089E+01	 1.30549E+01	 1.09141E+01	 1.28264E+01	 9.10765E+00	 1.30114E+01	 1.81238E+01	 2.02085E+01	 2.15921E+01	 2.65297E+01	 2.75278E+01	 2.80126E+01	 2.03302E+01	 9.91413E+00
 3.49830E+01	 2.47369E+01	 1.90636E+01	 1.28903E+01	 1.32153E+01	 1.44640E+01	 1.42512E+01	 1.33024E+01	 2.14855E+01	 2.26415E+01	 2.59541E+01	 2.44902E+01	 1.46680E+01	 1.31845E+01	 1.46336E+01	 1.02985E+01	 1.13157E+01	 1.47818E+01	 1.02382E+01	 7.97509E+00	 1.01989E+01	 9.83207E+00	 9.42597E+00	 8.18671E+00	 9.57309E+00	 1.28401E+01	 1.38267E+01	 1.37466E+01	 1.36383E+01	 8.38577E+00	 7.72755E+00	 1.11451E+01	 1.70139E+01	 2.12665E+01	 4.04830E+01	 5.71384E+01	 6.32993E+01	 5.75072E+01	 5.75290E+01	 4.58858E+01	 4.20703E+01	 4.15923E+01	 3.22769E+01	 2.05120E+01	 9.94558E+00	 4.88699E+00	 6.62078E+00	 9.55102E+00	 1.17311E+01	 1.62525E+01	 1.48277E+01	 1.28289E+01	 6.88871E+00	 8.23463E+00	 1.56945E+01	 2.23990E+01	 2.84336E+01	 3.00829E+01	 2.72063E+01	 2.25135E+01	 1.56891E+01
 2.77715E+01	 1.95618E+01	 1.72037E+01	 1.36726E+01	 1.36710E+01	 1.46020E+01	 1.47769E+01	 1.70237E+01	 2.60538E+01	 2.97034E+01	 3.04773E+01	 2.70937E+01	 8.13378E+00	 6.43539E+00	 6.79861E+00	 1.35347E+01	 1.80971E+01	 1.67424E+01	 1.81061E+01	 1.78056E+01	 1.53155E+01	 1.20485E+01	 8.85292E+00	 7.70706E+00	 1.06496E+01	 1.15707E+01	 1.57063E+01	 1.71508E+01	 1.66396E+01	 1.45782E+01	 1.21234E+01	 1.17809E+01	 1.50509E+01	 2.76310E+01	 5.01800E+01	 7.80417E+01	 8.08967E+01	 6.48772E+01	 4.99558E+01	 4.44632E+01	 4.99262E+01	 4.73359E+01	 2.92886E+01	 3.27790E+01	 2.82898E+01	 1.12670E+01	 6.11388E+00	 8.91837E+00	 1.50549E+01	 2.61806E+01	 2.85272E+01	 1.62121E+01	 7.24116E+00	 6.92371E+00	 7.58207E+00	 1.46805E+01	 2.43921E+01	 3.00276E+01	 3.11164E+01	 2.30048E+01	 1.72618E+01
 1.72085E+01	 1.65782E+01	 1.73473E+01	 2.02739E+01	 1.75629E+01	 1.30801E+01	 1.43119E+01	 1.79640E+01	 2.94210E+01	 3.64054E+01	 3.26427E+01	 2.15937E+01	 7.20294E+00	 8.07176E+00	 1.48296E+01	 2.02704E+01	 2.20278E+01	 2.13568E+01	 1.88138E+01	 2.24944E+01	 2.17378E+01	 1.74563E+01	 1.17708E+01	 8.95706E+00	 1.33401E+01	 1.69536E+01	 1.89170E+01	 2.02618E+01	 2.20802E+01	 2.13118E+01	 1.60524E+01	 1.45069E+01	 1.58858E+01	 2.68972E+01	 4.53975E+01	 5.81134E+01	 7.25142E+01	 6.86546E+01	 5.58573E+01	 4.30064E+01	 3.97652E+01	 4.32752E+01	 4.16584E+01	 4.41305E+01	 3.50516E+01	 1.43068E+01	 1.28901E+01	 2.18630E+01	 3.34943E+01	 3.83349E+01	 2.54733E+01	 1.36297E+01	 7.15775E+00	 6.14390E+00	 6.09593E+00	 6.88070E+00	 1.15089E+01	 1.41925E+01	 1.86779E+01	 1.65461E+01	 9.14390E+00
 1.59248E+01	 1.97298E+01	 2.02134E+01	 2.43782E+01	 1.99536E+01	 1.36904E+01	 1.46259E+01	 2.05204E+01	 3.30687E+01	 3.25476E+01	 2.47976E+01	 8.97020E+00	 1.21317E+01	 1.84303E+01	 1.68640E+01	 1.83958E+01	 2.05129E+01	 2.19931E+01	 1.99634E+01	 2.24470E+01	 1.93912E+01	 1.58384E+01	 1.28807E+01	 1.22121E+01	 1.49678E+01	 1.95032E+01	 2.91042E+01	 3.11806E+01	 3.17115E+01	 2.70126E+01	 1.73360E+01	 1.52058E+01	 1.48340E+01	 1.93087E+01	 2.94902E+01	 3.85928E+01	 4.01093E+01	 4.13094E+01	 4.17893E+01	 3.34757E+01	 2.56646E+01	 2.56577E+01	 2.44247E+01	 2.83984E+01	 2.20973E+01	 1.84855E+01	 2.69704E+01	 4.36965E+01	 4.21944E+01	 2.94683E+01	 3.82845E+01	 4.25106E+01	 2.62947E+01	 1.31641E+01	 7.66154E+00	 5.62785E+00	 7.41019E+00	 1.21733E+01	 1.93750E+01	 2.11403E+01	 1.38939E+01
 2.01922E+01	 2.38956E+01	 2.16626E+01	 2.02467E+01	 1.84733E+01	 1.32158E+01	 1.43118E+01	 2.24303E+01	 3.67791E+01	 3.52222E+01	 1.94898E+01	 1.32311E+01	 1.83797E+01	 2.53138E+01	 2.29494E+01	 2.63667E+01	 2.12298E+01	 2.08466E+01	 1.92292E+01	 2.13497E+01	 1.52778E+01	 1.15357E+01	 1.54325E+01	 1.23030E+01	 1.36824E+01	 2.23750E+01	 2.85970E+01	 3.11167E+01	 3.08033E+01	 2.60061E+01	 1.85152E+01	 2.15127E+01	 1.85972E+01	 1.97532E+01	 2.46301E+01	 2.92797E+01	 3.78486E+01	 3.95083E+01	 3.59010E+01	 3.51768E+01	 2.82157E+01	 1.99248E+01	 1.32635E+01	 1.25353E+01	 1.67209E+01	 3.15625E+01	 4.38784E+01	 4.82652E+01	 4.13770E+01	 4.20833E+01	 4.29710E+01	 4.19017E+01	 3.64534E+01	 2.05085E+01	 1.34236E+01	 1.01313E+01	 1.02576E+01	 1.29846E+01	 2.02444E+01	 2.18302E+01	 1.73768E+01
 2.26337E+01	 1.43289E+01	 1.43054E+01	 1.90435E+01	 2.04634E+01	 1.77194E+01	 1.86932E+01	 2.30821E+01	 3.72709E+01	 4.84515E+01	 3.49660E+01	 4.19611E+01	 2.73878E+01	 2.08184E+01	 2.24709E+01	 2.52561E+01	 2.06130E+01	 2.28466E+01	 1.98572E+01	 1.95786E+01	 1.19909E+01	 5.36174E+00	 6.75000E+00	 8.30096E+00	 7.84028E+00	 1.36020E+01	 3.91206E+01	 6.04526E+01	 5.37096E+01	 3.23239E+01	 2.70986E+01	 2.75454E+01	 2.86768E+01	 2.61284E+01	 2.21280E+01	 1.85821E+01	 2.67626E+01	 3.57126E+01	 3.27096E+01	 2.93062E+01	 2.46149E+01	 1.26249E+01	 1.64419E+01	 1.62089E+01	 3.15619E+01	 4.62288E+01	 5.17596E+01	 4.56955E+01	 4.27297E+01	 3.39866E+01	 2.98864E+01	 2.89798E+01	 2.12670E+01	 1.59981E+01	 1.63257E+01	 1.43768E+01	 1.14943E+01	 1.86313E+01	 1.77737E+01	 2.25601E+01	 1.66602E+01
 5.69010E+01	 3.22709E+01	 2.64009E+01	 1.23655E+01	 1.64361E+01	 1.54601E+01	 1.58616E+01	 2.62093E+01	 4.59028E+01	 5.16337E+01	 3.68620E+01	 3.08283E+01	 2.72386E+01	 2.58367E+01	 2.63333E+01	 2.69472E+01	 2.39967E+01	 2.24792E+01	 2.28768E+01	 1.87431E+01	 6.95833E+00	 7.40381E+00	 8.44363E+00	 6.97279E+00	 6.79924E+00	 1.26092E+01	 5.16120E+01	 6.85367E+01	 5.71019E+01	 4.23333E+01	 2.27561E+01	 1.95052E+01	 2.31452E+01	 2.09634E+01	 1.13384E+01	 9.28089E+00	 1.58520E+01	 2.07276E+01	 1.34864E+01	 1.67002E+01	 1.77378E+01	 1.74502E+01	 1.55875E+01	 3.03782E+01	 4.26603E+01	 4.23980E+01	 4.50096E+01	 4.49465E+01	 4.15796E+01	 3.42424E+01	 2.10966E+01	 1.08845E+01	 9.66479E+00	 8.98469E+00	 1.58547E+01	 1.60699E+01	 1.70309E+01	 2.35378E+01	 2.18528E+01	 1.97251E+01	 1.81317E+01
 5.60560E+01	 5.05441E+01	 4.24008E+01	 1.99537E+01	 7.95388E+00	 6.03912E+00	 7.90594E+00	 2.24640E+01	 4.58980E+01	 4.80928E+01	 2.75562E+01	 2.38325E+01	 2.11412E+01	 2.06061E+01	 2.03780E+01	 2.39967E+01	 2.28639E+01	 2.25209E+01	 2.30177E+01	 1.88977E+01	 8.18559E+00	 7.25507E+00	 9.88131E+00	 5.02398E+00	 3.52398E+00	 5.37817E+00	 1.61307E+01	 4.05849E+01	 5.68057E+01	 5.10242E+01	 5.73805E+01	 4.00405E+01	 2.07704E+01	 1.66002E+01	 8.24352E+00	 9.32823E+00	 1.19728E+01	 1.41019E+01	 1.68750E+01	 1.56047E+01	 1.53136E+01	 2.43349E+01	 4.82416E+01	 6.06843E+01	 4.61153E+01	 4.26874E+01	 4.40835E+01	 4.31626E+01	 4.50986E+01	 2.71804E+01	 1.23542E+01	 7.15968E+00	 4.97222E+00	 4.91612E+00	 9.76451E+00	 1.59575E+01	 2.01439E+01	 1.59966E+01	 1.88611E+01	 1.60707E+01	 1.15347E+01
 4.56389E+01	 4.91598E+01	 4.42686E+01	 2.78837E+01	 9.99676E+00	 3.14309E+00	 7.29668E+00	 2.07158E+01	 3.64557E+01	 3.99146E+01	 2.66337E+01	 2.08786E+01	 2.70679E+01	 2.46615E+01	 2.08155E+01	 2.01825E+01	 2.28962E+01	 2.15721E+01	 1.68103E+01	 9.48543E+00	 5.01698E+00	 5.29668E+00	 4.22279E+00	 4.28996E+00	 3.82823E+00	 5.51060E+00	 9.93245E+00	 1.40985E+01	 3.48611E+01	 5.45494E+01	 5.40418E+01	 3.95442E+01	 1.76970E+01	 1.47209E+01	 2.96238E+01	 2.50209E+01	 2.36535E+01	 2.74422E+01	 2.87878E+01	 3.51795E+01	 4.38690E+01	 4.80469E+01	 6.20871E+01	 6.18256E+01	 5.44263E+01	 5.74111E+01	 4.55342E+01	 3.88229E+01	 3.17475E+01	 2.13958E+01	 1.14167E+01	 3.16345E+00	 5.50631E+00	 4.77353E+00	 9.93709E+00	 1.55655E+01	 2.23817E+01	 1.94903E+01	 1.23048E+01	 1.26784E+01	 1.56825E+01
 5.59465E+01	 4.32111E+01	 3.86341E+01	 2.91310E+01	 1.65269E+01	 8.11644E+00	 1.22534E+01	 2.33302E+01	 3.66341E+01	 3.95993E+01	 3.13549E+01	 2.23432E+01	 2.42444E+01	 2.73826E+01	 1.93883E+01	 2.02036E+01	 2.45995E+01	 2.01806E+01	 1.48485E+01	 1.42317E+01	 8.91603E+00	 4.50000E+00	 7.97279E+00	 1.42317E+01	 1.29981E+01	 1.08277E+01	 1.28403E+01	 1.28148E+01	 1.43214E+01	 2.90435E+01	 4.20187E+01	 3.70849E+01	 2.08786E+01	 1.40796E+01	 2.70637E+01	 2.89441E+01	 2.98495E+01	 2.89349E+01	 3.00491E+01	 4.75799E+01	 4.98265E+01	 5.37409E+01	 5.71696E+01	 6.24028E+01	 6.19052E+01	 6.44193E+01	 4.48784E+01	 3.05856E+01	 2.82794E+01	 2.13103E+01	 1.00302E+01	 3.72095E+00	 3.97095E+00	 3.78837E+00	 9.87925E+00	 1.81223E+01	 2.50905E+01	 2.25194E+01	 1.61648E+01	 1.69589E+01	 1.78616E+01
 5.25329E+01	 3.47672E+01	 3.41446E+01	 3.60386E+01	 3.31747E+01	 2.05757E+01	 1.62589E+01	 2.21319E+01	 3.11944E+01	 3.54632E+01	 2.92278E+01	 1.61281E+01	 1.48870E+01	 1.29325E+01	 1.15619E+01	 1.19709E+01	 1.47676E+01	 2.02178E+01	 2.31638E+01	 1.89924E+01	 8.98292E+00	 6.32195E+00	 1.15782E+01	 2.28915E+01	 2.77753E+01	 2.10398E+01	 1.69254E+01	 1.98738E+01	 1.65985E+01	 1.27058E+01	 2.13473E+01	 2.87703E+01	 1.99931E+01	 1.31020E+01	 1.96434E+01	 2.45152E+01	 2.60461E+01	 3.06680E+01	 3.52842E+01	 4.62241E+01	 5.24861E+01	 6.17083E+01	 6.23007E+01	 6.60963E+01	 6.86857E+01	 6.79286E+01	 6.11052E+01	 4.26772E+01	 2.71130E+01	 1.55629E+01	 8.44558E+00	 5.75000E+00	 4.83142E+00	 8.31189E+00	 1.64798E+01	 1.97626E+01	 1.98915E+01	 1.92298E+01	 2.07134E+01	 2.22134E+01	 2.02652E+01
 5.49413E+01	 2.97041E+01	 2.13759E+01	 2.82014E+01	 3.18934E+01	 1.80139E+01	 1.86919E+01	 2.54962E+01	 2.41786E+01	 2.31019E+01	 1.37809E+01	 1.12158E+01	 9.10284E+00	 9.13197E+00	 5.95894E+00	 5.33505E+00	 4.89834E+00	 4.60166E+00	 6.63118E+00	 7.10765E+00	 8.47222E+00	 7.34336E+00	 1.01932E+01	 1.77974E+01	 2.44126E+01	 3.19779E+01	 3.40516E+01	 2.45364E+01	 1.83018E+01	 1.60194E+01	 1.68466E+01	 2.07790E+01	 2.87974E+01	 2.52947E+01	 1.58301E+01	 1.41432E+01	 2.45107E+01	 3.51420E+01	 3.71623E+01	 4.87744E+01	 5.86272E+01	 5.73019E+01	 5.70745E+01	 6.09864E+01	 6.10583E+01	 5.85378E+01	 4.93390E+01	 3.28203E+01	 1.81917E+01	 1.29305E+01	 7.38727E+00	 4.88147E+00	 5.32320E+00	 5.75691E+00	 1.46336E+01	 1.80422E+01	 1.72467E+01	 1.74248E+01	 1.66806E+01	 1.40707E+01	 1.29653E+01
 4.30996E+01	 1.24885E+01	 1.06660E+01	 8.52381E+00	 1.63786E+01	 1.43750E+01	 1.62708E+01	 2.51111E+01	 2.30272E+01	 1.88366E+01	 1.83786E+01	 1.18804E+01	 1.29413E+01	 1.27121E+01	 8.08751E+00	 6.42233E+00	 5.07038E+00	 6.06484E+00	 7.68909E+00	 1.07435E+01	 9.84014E+00	 6.96467E+00	 6.51443E+00	 1.09148E+01	 1.25347E+01	 1.74375E+01	 1.95627E+01	 1.59306E+01	 1.60335E+01	 1.98934E+01	 2.04514E+01	 2.15694E+01	 2.74962E+01	 2.52707E+01	 1.76477E+01	 1.47629E+01	 2.70126E+01	 4.06378E+01	 3.63151E+01	 3.97956E+01	 5.31037E+01	 5.19724E+01	 5.10273E+01	 5.28413E+01	 4.64017E+01	 4.01762E+01	 2.99778E+01	 1.87809E+01	 1.32985E+01	 8.18930E+00	 6.16097E+00	 5.49116E+00	 7.41603E+00	 1.28649E+01	 1.21313E+01	 1.74558E+01	 1.90860E+01	 2.19590E+01	 1.80916E+01	 1.81805E+01	 1.79981E+01
 1.00088E+01	 7.25884E+00	 6.59028E+00	 4.25337E+00	 8.04838E+00	 1.59767E+01	 2.32720E+01	 2.70927E+01	 2.69770E+01	 1.59885E+01	 1.16061E+01	 1.06935E+01	 1.70101E+01	 1.59870E+01	 1.61434E+01	 1.39393E+01	 1.09685E+01	 5.88826E+00	 1.62500E+01	 1.58649E+01	 1.75587E+01	 1.56111E+01	 1.03200E+01	 6.82543E+00	 5.24719E+00	 6.73107E+00	 5.22776E+00	 7.68539E+00	 1.40069E+01	 2.05101E+01	 1.70114E+01	 1.36345E+01	 1.11648E+01	 1.27619E+01	 1.18939E+01	 1.28151E+01	 2.59494E+01	 2.81944E+01	 3.93675E+01	 3.84792E+01	 4.25329E+01	 4.26362E+01	 5.07665E+01	 4.15727E+01	 3.70253E+01	 2.38101E+01	 1.55208E+01	 8.66272E+00	 7.89417E+00	 7.91603E+00	 8.17287E+00	 1.44878E+01	 2.48959E+01	 3.31548E+01	 1.81804E+01	 1.06804E+01	 1.32014E+01	 1.76389E+01	 1.84445E+01	 1.89776E+01	 1.66945E+01
 5.24369E+00	 1.74494E+01	 1.71747E+01	 9.09593E+00	 2.35651E+01	 4.88154E+01	 4.26598E+01	 3.57753E+01	 2.63447E+01	 1.87759E+01	 1.43384E+01	 1.36662E+01	 1.98473E+01	 1.93333E+01	 1.41286E+01	 1.81825E+01	 8.96845E+00	 5.03837E+00	 7.54898E+00	 1.56199E+01	 3.19035E+01	 2.42467E+01	 1.25038E+01	 3.17122E+00	 3.47476E+00	 3.47222E+00	 4.62690E+00	 6.25380E+00	 7.73469E+00	 1.05013E+01	 9.91788E+00	 7.12620E+00	 4.37942E+00	 5.75000E+00	 7.26381E+00	 8.58411E+00	 2.03956E+01	 2.70447E+01	 2.62520E+01	 2.90279E+01	 3.50291E+01	 4.16390E+01	 3.23691E+01	 3.26335E+01	 2.38118E+01	 1.44966E+01	 1.62069E+01	 1.35177E+01	 1.65568E+01	 1.59419E+01	 2.25290E+01	 2.77361E+01	 2.37385E+01	 1.84170E+01	 1.18207E+01	 8.51190E+00	 1.03090E+01	 1.31735E+01	 2.31736E+01	 2.67728E+01	 2.92134E+01
 1.72209E+01	 1.97532E+01	 1.43360E+01	 1.04874E+01	 2.38187E+01	 3.95388E+01	 4.61667E+01	 4.07771E+01	 3.10186E+01	 2.45138E+01	 1.88750E+01	 1.39028E+01	 1.40973E+01	 1.93495E+01	 2.50903E+01	 1.67524E+01	 4.84028E+00	 4.49048E+00	 4.17751E+00	 6.50000E+00	 5.87437E+00	 5.73543E+00	 3.35848E+00	 3.93131E+00	 6.34150E+00	 4.00169E+00	 4.12230E+00	 5.50000E+00	 4.80351E+00	 6.05182E+00	 1.19246E+01	 7.61525E+00	 6.54838E+00	 3.71624E+00	 3.46624E+00	 3.12690E+00	 1.60499E+01	 2.50266E+01	 2.28738E+01	 2.64924E+01	 2.86597E+01	 3.68681E+01	 2.82532E+01	 2.73068E+01	 2.24077E+01	 1.83889E+01	 1.63068E+01	 1.68090E+01	 1.47828E+01	 1.82149E+01	 2.32739E+01	 2.27652E+01	 1.74846E+01	 1.85422E+01	 1.25267E+01	 7.00677E+00	 5.08897E+00	 8.32309E+00	 1.19078E+01	 2.40707E+01	 1.94514E+01
 2.09248E+01	 2.06435E+01	 2.77532E+01	 2.95568E+01	 4.34357E+01	 7.48045E+01	 7.47161E+01	 5.19236E+01	 4.10796E+01	 3.28939E+01	 2.67057E+01	 2.25297E+01	 2.65266E+01	 3.62817E+01	 2.45422E+01	 9.73169E+00	 4.13194E+00	 3.93232E+00	 5.23611E+00	 1.15903E+01	 5.58903E+00	 2.93367E+00	 5.77294E+00	 4.43820E+00	 3.75884E+00	 3.32648E+00	 3.23699E+00	 4.59465E+00	 1.10000E+01	 2.40024E+01	 4.16586E+01	 3.62330E+01	 1.75466E+01	 8.65048E+00	 4.08614E+00	 5.82821E+00	 9.96527E+00	 2.06508E+01	 2.76670E+01	 2.92672E+01	 2.64870E+01	 3.00209E+01	 4.67210E+01	 3.50215E+01	 2.26068E+01	 1.41199E+01	 1.58699E+01	 1.30959E+01	 9.73543E+00	 1.09874E+01	 8.13321E+00	 8.81935E+00	 1.10947E+01	 1.55024E+01	 1.36839E+01	 6.14309E+00	 6.50000E+00	 6.88402E+00	 1.11383E+01	 1.28971E+01	 1.72347E+01
 2.72703E+01	 2.98869E+01	 2.90072E+01	 3.03062E+01	 3.32886E+01	 5.49764E+01	 6.18062E+01	 5.26272E+01	 5.19046E+01	 4.88858E+01	 4.19235E+01	 3.65170E+01	 3.09778E+01	 3.09035E+01	 1.96446E+01	 8.66272E+00	 5.03455E+00	 3.58559E+00	 7.63197E+00	 1.27670E+01	 1.21496E+01	 7.20388E+00	 4.23339E+00	 4.56957E+00	 3.50000E+00	 5.36554E+00	 6.01294E+00	 1.29248E+01	 3.30819E+01	 4.46447E+01	 4.64889E+01	 4.02241E+01	 3.01286E+01	 1.67467E+01	 1.32809E+01	 1.10212E+01	 1.25997E+01	 1.45340E+01	 2.37233E+01	 2.94077E+01	 3.57462E+01	 3.11951E+01	 2.82228E+01	 2.73597E+01	 1.26268E+01	 6.97095E+00	 7.75000E+00	 9.88826E+00	 7.29898E+00	 7.71845E+00	 7.12058E+00	 9.66990E+00	 1.14709E+01	 1.29236E+01	 6.78537E+00	 3.98738E+00	 3.34955E+00	 7.93258E+00	 8.09279E+00	 1.27847E+01	 1.59575E+01
 2.38187E+01	 2.36458E+01	 2.40417E+01	 2.69962E+01	 4.30208E+01	 6.48442E+01	 6.85690E+01	 7.05543E+01	 7.05871E+01	 5.23264E+01	 3.56768E+01	 3.16406E+01	 3.08187E+01	 2.40278E+01	 2.19931E+01	 1.88155E+01	 1.90966E+01	 1.44981E+01	 9.31565E+00	 1.21294E+01	 1.20063E+01	 6.98107E+00	 4.59279E+00	 3.04668E+00	 3.44502E+00	 2.18709E+00	 7.09677E+00	 1.64306E+01	 3.10417E+01	 3.94626E+01	 4.38061E+01	 4.44641E+01	 3.60756E+01	 2.67297E+01	 1.62665E+01	 1.82532E+01	 1.97002E+01	 2.12823E+01	 2.24271E+01	 2.49657E+01	 2.29541E+01	 2.52709E+01	 3.35849E+01	 2.11408E+01	 6.44502E+00	 4.94818E+00	 5.41479E+00	 7.19886E+00	 8.08505E+00	 7.41284E+00	 1.49595E+01	 3.07007E+01	 3.69937E+01	 3.11419E+01	 2.02638E+01	 1.65651E+01	 1.52739E+01	 9.07675E+00	 4.16892E+00	 6.41272E+00	 1.25524E+01
 3.00207E+01	 2.81350E+01	 2.46140E+01	 2.86337E+01	 4.80131E+01	 7.01698E+01	 8.10691E+01	 8.04537E+01	 9.25969E+01	 8.48005E+01	 4.99526E+01	 2.60625E+01	 2.18328E+01	 2.15679E+01	 2.10126E+01	 2.20207E+01	 1.99709E+01	 1.04991E+01	 4.73738E+00	 6.03588E+00	 5.95748E+00	 7.57347E+00	 9.62118E+00	 4.63826E+00	 2.55351E+00	 2.45636E+00	 6.82675E+00	 1.70146E+01	 2.58239E+01	 2.95562E+01	 4.14386E+01	 4.20345E+01	 3.44194E+01	 2.43712E+01	 1.60135E+01	 1.32185E+01	 1.53277E+01	 1.89903E+01	 1.75269E+01	 9.49352E+00	 7.39710E+00	 1.22058E+01	 1.18214E+01	 6.52618E+00	 6.01309E+00	 7.26698E+00	 9.58008E+00	 9.76698E+00	 1.04324E+01	 9.78283E+00	 2.07973E+01	 3.82443E+01	 3.93505E+01	 2.69886E+01	 2.32298E+01	 2.04003E+01	 1.57355E+01	 9.38173E+00	 7.03837E+00	 6.14004E+00	 1.04489E+01
 3.97581E+01	 2.93759E+01	 2.27626E+01	 2.83038E+01	 4.66065E+01	 7.24353E+01	 7.58392E+01	 6.92907E+01	 6.07478E+01	 6.31977E+01	 6.85184E+01	 4.46913E+01	 3.15032E+01	 3.33179E+01	 3.41626E+01	 3.14445E+01	 3.26005E+01	 2.24271E+01	 1.22435E+01	 5.45636E+00	 3.29364E+00	 3.22853E+00	 2.49719E+00	 3.96770E+00	 3.36462E+00	 7.90594E+00	 1.19645E+01	 1.46922E+01	 2.26689E+01	 3.35062E+01	 4.48490E+01	 4.42679E+01	 4.01459E+01	 3.14924E+01	 2.59798E+01	 2.11710E+01	 1.09640E+01	 6.28283E+00	 6.19059E+00	 4.23072E+00	 5.47108E+00	 5.09454E+00	 5.06727E+00	 9.34795E+00	 1.78572E+01	 2.24117E+01	 2.21617E+01	 1.53649E+01	 9.53016E+00	 1.09326E+01	 2.23329E+01	 3.25775E+01	 2.93864E+01	 2.70454E+01	 2.45947E+01	 1.74861E+01	 1.10353E+01	 4.03155E+00	 4.72279E+00	 7.21696E+00	 8.89027E+00
 2.99003E+01	 2.84003E+01	 2.62620E+01	 3.36275E+01	 5.57292E+01	 8.52540E+01	 9.50176E+01	 6.31037E+01	 5.44654E+01	 5.72500E+01	 6.10860E+01	 6.86730E+01	 4.31439E+01	 4.28770E+01	 5.55416E+01	 4.55252E+01	 4.06011E+01	 2.92520E+01	 2.28723E+01	 8.62925E+00	 3.63699E+00	 3.36794E+00	 2.46660E+00	 4.33770E+00	 6.73292E+00	 2.02569E+01	 3.15386E+01	 2.53630E+01	 3.81181E+01	 4.76800E+01	 5.51535E+01	 4.96073E+01	 4.44084E+01	 3.55764E+01	 3.04091E+01	 2.83759E+01	 1.47708E+01	 7.67233E+00	 8.43245E+00	 9.42672E+00	 6.00000E+00	 4.09706E+00	 7.20273E+00	 1.56641E+01	 3.21439E+01	 3.86987E+01	 3.61111E+01	 2.88062E+01	 2.47469E+01	 3.33236E+01	 3.40783E+01	 3.65290E+01	 2.78878E+01	 3.05833E+01	 3.93592E+01	 3.09286E+01	 1.58883E+01	 7.61598E+00	 5.59150E+00	 8.81701E+00	 8.85923E+00
 2.96736E+01	 3.14267E+01	 3.18233E+01	 3.86463E+01	 5.37733E+01	 7.61199E+01	 1.11198E+02	 8.80000E+01	 8.33718E+01	 6.14722E+01	 4.65064E+01	 5.20764E+01	 5.57024E+01	 5.06889E+01	 4.86886E+01	 4.55435E+01	 4.37260E+01	 2.86622E+01	 2.75800E+01	 2.13459E+01	 8.30866E+00	 3.57914E+00	 8.54853E+00	 1.01401E+01	 1.82153E+01	 3.28611E+01	 3.69167E+01	 3.33239E+01	 5.32935E+01	 5.21649E+01	 5.01420E+01	 3.98107E+01	 4.49060E+01	 5.61256E+01	 5.75594E+01	 3.59048E+01	 2.22639E+01	 1.46111E+01	 1.19981E+01	 1.44672E+01	 1.11559E+01	 7.75000E+00	 4.20203E+00	 6.46845E+00	 2.23611E+01	 3.57779E+01	 4.08775E+01	 3.99887E+01	 3.96203E+01	 3.25199E+01	 3.31390E+01	 3.78233E+01	 3.22443E+01	 3.06105E+01	 4.50873E+01	 5.83537E+01	 2.61326E+01	 7.66097E+00	 9.50000E+00	 9.51190E+00	 8.46012E+00
 2.64248E+01	 1.66396E+01	 2.03826E+01	 2.35052E+01	 3.63972E+01	 5.46088E+01	 7.21223E+01	 6.39480E+01	 6.59796E+01	 5.53095E+01	 5.20723E+01	 5.73194E+01	 6.41814E+01	 5.44864E+01	 5.88805E+01	 6.99514E+01	 5.78671E+01	 3.45927E+01	 2.38723E+01	 2.34962E+01	 1.89247E+01	 1.44981E+01	 3.22481E+01	 4.28837E+01	 3.83427E+01	 3.18018E+01	 2.24488E+01	 2.31919E+01	 3.56611E+01	 4.65088E+01	 4.01557E+01	 4.45928E+01	 4.48920E+01	 5.20876E+01	 4.63154E+01	 2.91458E+01	 1.71268E+01	 1.87840E+01	 1.40510E+01	 1.29160E+01	 6.63699E+00	 6.00000E+00	 3.48339E+00	 6.09593E+00	 1.02134E+01	 3.36980E+01	 3.94529E+01	 3.92260E+01	 4.22536E+01	 3.13958E+01	 3.23997E+01	 3.02718E+01	 2.06238E+01	 1.80339E+01	 1.61223E+01	 3.09091E+01	 2.86970E+01	 8.45203E+00	 7.55941E+00	 1.17769E+01	 2.87704E+01
 1.99653E+01	 1.50903E+01	 2.65684E+01	 3.13952E+01	 3.49295E+01	 4.28416E+01	 4.54553E+01	 5.69249E+01	 5.78183E+01	 4.17520E+01	 4.17210E+01	 6.80416E+01	 6.56054E+01	 5.39136E+01	 5.37424E+01	 5.49764E+01	 6.61544E+01	 6.41768E+01	 4.93283E+01	 3.49271E+01	 2.68009E+01	 2.64981E+01	 2.62626E+01	 3.86097E+01	 4.93157E+01	 3.88738E+01	 2.36396E+01	 1.38794E+01	 2.62524E+01	 3.46857E+01	 4.15714E+01	 5.01989E+01	 5.12096E+01	 2.86475E+01	 2.94757E+01	 1.83723E+01	 2.06995E+01	 1.50577E+01	 1.56747E+01	 1.46061E+01	 8.52838E+00	 5.25000E+00	 4.50127E+00	 4.68512E+00	 8.03537E+00	 2.31617E+01	 3.37789E+01	 4.60241E+01	 4.23061E+01	 2.21383E+01	 2.70228E+01	 2.21577E+01	 1.76151E+01	 1.61578E+01	 2.23257E+01	 2.07444E+01	 2.81068E+01	 1.40648E+01	 6.62000E+00	 2.13946E+01	 3.86951E+01
 1.33400E+01	 1.13616E+01	 1.55101E+01	 1.61020E+01	 1.90378E+01	 2.85516E+01	 3.24802E+01	 3.54779E+01	 4.20859E+01	 3.98452E+01	 3.87942E+01	 4.53571E+01	 4.61484E+01	 4.21237E+01	 3.79641E+01	 3.26166E+01	 2.85083E+01	 4.39615E+01	 4.29779E+01	 5.25435E+01	 4.46406E+01	 3.59557E+01	 2.79180E+01	 2.04279E+01	 2.21116E+01	 2.30170E+01	 1.45499E+01	 8.13826E+00	 1.56401E+01	 2.36641E+01	 2.91427E+01	 3.18819E+01	 2.75852E+01	 1.86383E+01	 1.67539E+01	 1.61702E+01	 1.62140E+01	 1.64854E+01	 1.40101E+01	 1.48820E+01	 1.33845E+01	 7.98339E+00	 6.28837E+00	 5.04668E+00	 5.01309E+00	 8.83897E+00	 1.99247E+01	 2.53958E+01	 2.92707E+01	 2.31806E+01	 2.38466E+01	 1.06667E+01	 1.53480E+01	 2.06970E+01	 2.58485E+01	 4.03359E+01	 3.01597E+01	 1.29495E+01	 1.15238E+01	 2.48654E+01	 2.70199E+01
 1.48813E+01	 1.03219E+01	 1.55461E+01	 1.52639E+01	 1.67267E+01	 2.38358E+01	 2.84967E+01	 2.41565E+01	 2.57947E+01	 2.74778E+01	 2.82922E+01	 2.69180E+01	 3.35107E+01	 3.22195E+01	 3.01603E+01	 3.01350E+01	 2.47209E+01	 2.34855E+01	 2.29003E+01	 3.61932E+01	 6.01131E+01	 4.85607E+01	 3.79407E+01	 3.53775E+01	 2.33906E+01	 1.79141E+01	 1.12525E+01	 6.91706E+00	 6.46527E+00	 1.35840E+01	 1.82942E+01	 2.08870E+01	 2.05165E+01	 1.65353E+01	 1.53138E+01	 1.49435E+01	 1.53214E+01	 1.26701E+01	 1.91396E+01	 2.66408E+01	 1.82298E+01	 6.74085E+00	 4.51641E+00	 5.68367E+00	 4.37446E+00	 6.96845E+00	 8.38118E+00	 9.31067E+00	 1.05657E+01	 1.14968E+01	 9.10289E+00	 5.73169E+00	 7.99438E+00	 1.64236E+01	 2.95127E+01	 2.37878E+01	 1.64141E+01	 1.45353E+01	 1.14141E+01	 9.64710E+00	 1.14590E+01
 1.72818E+01	 9.43685E+00	 1.11641E+01	 1.47585E+01	 2.00595E+01	 2.33878E+01	 1.72063E+01	 1.09117E+01	 7.29239E+00	 1.64298E+01	 2.21152E+01	 2.44763E+01	 2.74802E+01	 3.12273E+01	 2.97126E+01	 2.87708E+01	 2.87817E+01	 3.07847E+01	 3.39632E+01	 3.35990E+01	 3.99541E+01	 4.29090E+01	 4.08666E+01	 4.52424E+01	 4.53573E+01	 3.98448E+01	 2.30051E+01	 1.00840E+01	 4.46012E+00	 8.88173E+00	 1.15301E+01	 1.51866E+01	 1.05328E+01	 7.95894E+00	 8.64077E+00	 1.13385E+01	 1.34548E+01	 1.81068E+01	 1.97840E+01	 2.26490E+01	 1.99967E+01	 1.48401E+01	 1.29337E+01	 1.01085E+01	 5.01641E+00	 3.80866E+00	 6.98543E+00	 7.93056E+00	 4.89274E+00	 6.69818E+00	 5.43909E+00	 4.73169E+00	 5.83207E+00	 8.92348E+00	 9.28089E+00	 1.29536E+01	 2.66919E+01	 3.32387E+01	 2.49847E+01	 1.47638E+01	 1.12992E+01
 2.36477E+01	 9.43930E+00	 9.92363E+00	 1.42185E+01	 1.43712E+01	 1.47738E+01	 1.32090E+01	 8.98339E+00	 4.86388E+00	 7.45158E+00	 1.44445E+01	 2.08736E+01	 2.97776E+01	 4.29452E+01	 3.69830E+01	 3.47646E+01	 3.92503E+01	 4.04060E+01	 4.20818E+01	 4.17845E+01	 3.96913E+01	 3.67918E+01	 3.78233E+01	 4.37251E+01	 5.50699E+01	 4.23738E+02	 5.14749E+02	 1.67676E+01	 1.12355E+01	 7.80899E+00	 7.65590E+00	 6.42672E+00	 6.48738E+00	 5.97095E+00	 1.42152E+01	 2.16308E+01	 2.78366E+01	 2.29898E+01	 1.53576E+01	 1.50069E+01	 1.82487E+01	 2.00211E+01	 2.13975E+01	 1.69306E+01	 8.89515E+00	 4.36774E+00	 7.60765E+00	 9.41552E+00	 6.15212E+00	 6.35502E+00	 5.59465E+00	 9.83008E+00	 6.24438E+00	 6.05305E+00	 7.21585E+00	 2.26577E+01	 4.29134E+01	 4.91274E+01	 3.19866E+01	 1.35208E+01	 7.12215E+00
 4.74212E+01	 2.21458E+01	 9.97095E+00	 6.81484E+00	 9.38174E+00	 1.03459E+01	 1.00353E+01	 8.61489E+00	 9.79823E+00	 1.14558E+01	 1.78384E+01	 2.90386E+01	 3.82279E+01	 4.87260E+01	 4.30560E+01	 3.80487E+01	 4.38145E+01	 5.76807E+01	 5.59017E+01	 5.71807E+01	 4.89249E+01	 5.15136E+01	 6.07855E+01	 5.94375E+01	 6.91054E+01	 5.93360E+01	 4.17970E+01	 2.57704E+01	 1.39425E+01	 8.31565E+00	 5.36598E+00	 3.38147E+00	 4.06310E+00	 1.15466E+01	 2.42766E+01	 3.54635E+01	 3.35388E+01	 1.84541E+01	 1.40024E+01	 2.02857E+01	 2.44031E+01	 2.76922E+01	 2.95995E+01	 3.20218E+01	 2.35417E+01	 1.51199E+01	 5.43849E+00	 6.33981E+00	 5.80182E+00	 6.41154E+00	 7.19189E+00	 1.01733E+01	 1.03207E+01	 7.04797E+00	 8.93245E+00	 1.48611E+01	 1.99180E+01	 2.53611E+01	 2.44615E+01	 1.09966E+01	 1.01116E+01
 3.91560E+01	 3.00872E+01	 1.38403E+01	 7.30899E+00	 9.43391E+00	 1.08473E+01	 1.73813E+01	 2.17227E+01	 2.10069E+01	 1.36839E+01	 1.79122E+01	 2.32703E+01	 2.67432E+01	 3.91488E+01	 4.67092E+01	 5.65039E+01	 5.25102E+01	 4.23802E+01	 4.36649E+01	 4.52916E+01	 4.95096E+01	 6.02936E+01	 8.27748E+01	 8.61161E+01	 7.52039E+01	 6.16213E+01	 4.86800E+01	 3.31480E+01	 2.02809E+01	 9.12690E+00	 4.68559E+00	 5.08964E+00	 7.86735E+00	 1.10562E+01	 1.90152E+01	 1.73921E+01	 1.89837E+01	 1.94575E+01	 2.04306E+01	 3.53006E+01	 3.33725E+01	 3.73939E+01	 3.22845E+01	 3.09866E+01	 2.52976E+01	 1.76020E+01	 5.45388E+00	 4.02652E+00	 5.85502E+00	 1.13699E+01	 1.00442E+01	 7.96336E+00	 6.39332E+00	 6.20388E+00	 1.33459E+01	 1.38471E+01	 1.56869E+01	 2.26484E+01	 2.85764E+01	 2.08837E+01	 1.48768E+01
 9.86489E+00	 9.98738E+00	 6.75000E+00	 8.07440E+00	 8.24085E+00	 1.27986E+01	 1.59495E+01	 1.34548E+01	 9.19131E+00	 1.58951E+01	 1.98187E+01	 2.07467E+01	 2.34163E+01	 2.90966E+01	 3.93571E+01	 5.42066E+01	 4.90039E+01	 5.09212E+01	 3.82817E+01	 3.71674E+01	 4.58107E+01	 6.60397E+01	 9.01319E+01	 1.05134E+02	 7.95500E+01	 6.76853E+01	 7.25553E+01	 4.85506E+01	 3.55279E+01	 1.90089E+01	 1.02602E+01	 1.13434E+01	 1.06320E+01	 9.47853E+00	 8.79797E+00	 8.40381E+00	 1.08466E+01	 1.79128E+01	 2.39035E+01	 2.86988E+01	 3.58283E+01	 5.36749E+01	 3.12520E+01	 2.78214E+01	 2.22337E+01	 1.36412E+01	 5.88826E+00	 5.08446E+00	 9.00380E+00	 1.05318E+01	 1.82248E+01	 1.90530E+01	 1.09944E+01	 1.37075E+01	 1.01191E+01	 7.87359E+00	 1.37933E+01	 2.70209E+01	 3.28027E+01	 2.98759E+01	 1.40176E+01
