//Exported ASCII-File
[Header]
FileName = C:\Users\reoml\Desktop\Mestrado\mapa raman\novas medidas\go_0.1_eda\GO_0.1_COM_EDA.WIP
ImageName = Scan_000_Spec.Data 1_F: Min & Max -> Maximum [2816.3 rel. 1/cm -> 3014.6 rel. 1/cm]
PointsPerLine = 61
LinesPerImage = 61
ScanUnit = µm
ScanWidth = 30
ScanHeight = 30
ScanOriginX = 0.13400000333786
ScanOriginY = 3.63100004196167
ScanOriginZ = 0
DataUnit = CCD cts
[Data]
 2.51384E+01	 2.62904E+01	 2.43371E+01	 1.90005E+01	 1.91130E+01	 1.99338E+01	 1.90699E+01	 1.84047E+01	 1.93334E+01	 2.20384E+01	 1.91533E+01	 2.14583E+01	 2.26637E+01	 2.88106E+01	 2.69627E+01	 2.53693E+01	 3.18218E+01	 2.62372E+01	 3.17868E+01	 2.82668E+01	 2.33238E+01	 2.71545E+01	 2.58371E+01	 2.38639E+01	 2.70490E+01	 2.28771E+01	 2.17543E+01	 2.24095E+01	 2.14451E+01	 2.34071E+01	 2.50472E+01	 2.23766E+01	 2.23866E+01	 2.02136E+01	 1.93959E+01	 2.51484E+01	 2.20893E+01	 2.26783E+01	 2.40054E+01	 2.29124E+01	 2.20218E+01	 2.15970E+01	 2.49056E+01	 2.90366E+01	 2.26705E+01	 2.76464E+01	 2.29371E+01	 2.60699E+01	 2.42418E+01	 2.06366E+01	 2.60000E+01	 2.33507E+01	 2.34369E+01	 2.63589E+01	 2.75082E+01	 2.40771E+01	 2.51895E+01	 2.45072E+01	 2.68167E+01	 2.61917E+01	 2.28934E+01
 1.95168E+01	 1.90909E+01	 1.91869E+01	 2.24227E+01	 2.09371E+01	 2.01509E+01	 1.95474E+01	 1.62332E+01	 1.91509E+01	 1.99295E+01	 2.03591E+01	 2.51116E+01	 2.50467E+01	 2.99516E+01	 2.96520E+01	 3.47723E+01	 3.10490E+01	 2.65803E+01	 2.29794E+01	 2.62500E+01	 2.34052E+01	 2.30336E+01	 2.51166E+01	 2.57868E+01	 2.69464E+01	 2.33784E+01	 2.60617E+01	 2.47854E+01	 2.35998E+01	 2.48049E+01	 2.19682E+01	 1.93078E+01	 2.22500E+01	 2.24133E+01	 2.36619E+01	 2.18162E+01	 1.97500E+01	 2.08566E+01	 2.29134E+01	 1.90318E+01	 2.05000E+01	 2.23852E+01	 2.47294E+01	 2.35488E+01	 2.43512E+01	 2.24034E+01	 2.43802E+01	 2.78839E+01	 2.34768E+01	 2.11148E+01	 2.26016E+01	 2.33541E+01	 2.35799E+01	 2.57500E+01	 2.59327E+01	 3.03813E+01	 2.76919E+01	 2.52294E+01	 2.39646E+01	 2.78959E+01	 2.60086E+01
 2.23741E+01	 2.22500E+01	 1.96633E+01	 2.00935E+01	 2.17500E+01	 1.97232E+01	 1.95168E+01	 2.20417E+01	 2.29794E+01	 2.65629E+01	 2.61459E+01	 2.31074E+01	 2.80073E+01	 2.66434E+01	 2.98968E+01	 2.90197E+01	 2.56169E+01	 2.19968E+01	 2.46252E+01	 2.45000E+01	 2.61933E+01	 2.39464E+01	 2.34764E+01	 2.37044E+01	 2.58060E+01	 2.63435E+01	 2.58435E+01	 2.42464E+01	 2.81259E+01	 2.32026E+01	 2.15500E+01	 2.02825E+01	 2.13467E+01	 2.36509E+01	 2.23534E+01	 2.24369E+01	 2.26041E+01	 2.88752E+01	 2.61041E+01	 2.42096E+01	 2.13566E+01	 2.12132E+01	 2.11727E+01	 2.35653E+01	 2.29500E+01	 2.25218E+01	 2.12668E+01	 2.40848E+01	 2.47886E+01	 2.57500E+01	 2.73516E+01	 2.48453E+01	 2.44586E+01	 3.09799E+01	 2.68589E+01	 2.77711E+01	 3.00436E+01	 2.73641E+01	 2.36783E+01	 2.38766E+01	 2.20000E+01
 2.15318E+01	 2.01727E+01	 2.05417E+01	 1.93591E+01	 2.06533E+01	 2.72468E+01	 2.63734E+01	 2.30399E+01	 2.28691E+01	 2.20206E+01	 2.30998E+01	 2.24917E+01	 2.48589E+01	 2.45386E+01	 2.51588E+01	 2.78315E+01	 2.61450E+01	 2.37167E+01	 2.38453E+01	 2.27268E+01	 2.47604E+01	 2.91588E+01	 2.89088E+01	 2.45335E+01	 2.41134E+01	 2.32101E+01	 2.54201E+01	 2.35560E+01	 2.22418E+01	 2.19464E+01	 2.17988E+01	 2.16670E+01	 2.36091E+01	 2.83423E+01	 2.80653E+01	 2.56595E+01	 2.31359E+01	 2.51670E+01	 2.56334E+01	 2.37668E+01	 2.29227E+01	 2.01116E+01	 2.19077E+01	 1.97175E+01	 2.38591E+01	 2.37362E+01	 2.45835E+01	 2.48884E+01	 2.33666E+01	 2.53666E+01	 2.76558E+01	 2.47164E+01	 2.72268E+01	 2.84643E+01	 2.76663E+01	 2.82500E+01	 2.66034E+01	 2.32457E+01	 2.18573E+01	 2.51509E+01	 2.48909E+01
 2.42044E+01	 2.45735E+01	 2.48067E+01	 2.33634E+01	 2.71869E+01	 2.33435E+01	 2.19957E+01	 2.09464E+01	 2.16685E+01	 2.28131E+01	 2.35223E+01	 2.72884E+01	 2.77884E+01	 2.56906E+01	 2.89406E+01	 2.73570E+01	 2.61469E+01	 2.74374E+01	 2.64007E+01	 2.62997E+01	 2.61906E+01	 3.07997E+01	 3.27224E+01	 2.92904E+01	 2.37967E+01	 2.30000E+01	 2.93348E+01	 2.82768E+01	 2.39033E+01	 2.54825E+01	 2.65871E+01	 2.63603E+01	 2.65617E+01	 2.91333E+01	 2.98167E+01	 2.80250E+01	 2.47500E+01	 2.29750E+01	 2.74170E+01	 2.74669E+01	 2.67868E+01	 2.53603E+01	 2.47868E+01	 2.78691E+01	 2.44544E+01	 2.88834E+01	 2.61828E+01	 2.48199E+01	 2.59632E+01	 2.50699E+01	 2.79047E+01	 2.43591E+01	 2.60474E+01	 2.75168E+01	 2.55998E+01	 2.51366E+01	 2.54009E+01	 2.69034E+01	 2.85168E+01	 2.72132E+01	 2.59265E+01
 2.47701E+01	 2.50417E+01	 2.26434E+01	 2.18266E+01	 2.38266E+01	 2.25270E+01	 2.45000E+01	 2.39544E+01	 2.25948E+01	 2.22532E+01	 2.22500E+01	 2.31951E+01	 2.81234E+01	 2.84351E+01	 2.85835E+01	 2.51851E+01	 2.73603E+01	 2.67500E+01	 2.91765E+01	 3.03833E+01	 3.39948E+01	 3.50735E+01	 4.20009E+01	 4.00513E+01	 3.14138E+01	 3.06899E+01	 2.79045E+01	 2.56066E+01	 2.40948E+01	 2.02457E+01	 1.97410E+01	 2.21216E+01	 2.71876E+01	 2.68933E+01	 2.80037E+01	 2.66670E+01	 2.62083E+01	 2.70206E+01	 2.41109E+01	 2.65000E+01	 2.53036E+01	 2.36091E+01	 2.31665E+01	 2.81801E+01	 2.55966E+01	 2.56234E+01	 2.36166E+01	 2.56847E+01	 2.35488E+01	 2.51865E+01	 2.71077E+01	 2.67044E+01	 2.20000E+01	 2.24083E+01	 2.47044E+01	 2.72997E+01	 2.28065E+01	 2.41652E+01	 2.36583E+01	 2.22500E+01	 2.49768E+01
 2.25000E+01	 2.11577E+01	 2.17711E+01	 2.04533E+01	 2.26234E+01	 2.59768E+01	 2.47112E+01	 2.23353E+01	 2.27289E+01	 2.92899E+01	 2.56066E+01	 2.34077E+01	 2.75617E+01	 3.09009E+01	 3.20223E+01	 3.43303E+01	 3.32868E+01	 3.00211E+01	 3.45808E+01	 3.40815E+01	 3.91120E+01	 3.89056E+01	 3.71801E+01	 3.61148E+01	 2.89451E+01	 2.68964E+01	 2.50331E+01	 2.71851E+01	 2.56509E+01	 2.47866E+01	 2.50295E+01	 2.55000E+01	 2.85082E+01	 2.77618E+01	 2.55909E+01	 2.53534E+01	 2.64227E+01	 2.51727E+01	 2.29201E+01	 2.36339E+01	 2.23634E+01	 2.42268E+01	 2.39369E+01	 2.44536E+01	 2.54029E+01	 2.43577E+01	 2.40474E+01	 2.41801E+01	 2.68934E+01	 2.41041E+01	 2.29632E+01	 2.21705E+01	 2.31284E+01	 2.25966E+01	 2.09433E+01	 2.29669E+01	 2.39301E+01	 2.27618E+01	 2.08666E+01	 2.23834E+01	 2.18335E+01
 2.30163E+01	 2.35138E+01	 2.85417E+01	 2.66801E+01	 2.11409E+01	 2.28771E+01	 2.88235E+01	 2.92711E+01	 2.54301E+01	 2.46402E+01	 2.34133E+01	 2.87500E+01	 2.94794E+01	 2.67500E+01	 4.22680E+01	 3.28443E+01	 3.26881E+01	 3.52859E+01	 3.26838E+01	 2.86665E+01	 3.30336E+01	 3.43308E+01	 3.66470E+01	 3.40419E+01	 3.57997E+01	 3.48834E+01	 2.65436E+01	 2.35000E+01	 2.50497E+01	 2.00653E+01	 2.39077E+01	 2.35082E+01	 2.50000E+01	 2.71459E+01	 2.47012E+01	 2.43131E+01	 2.12582E+01	 2.43934E+01	 2.73335E+01	 2.05772E+01	 2.38004E+01	 2.24227E+01	 2.26091E+01	 2.14152E+01	 2.34045E+01	 2.51502E+01	 1.95182E+01	 2.03273E+01	 1.92081E+01	 1.97886E+01	 2.17382E+01	 2.63752E+01	 2.50902E+01	 2.49369E+01	 2.08235E+01	 1.87332E+01	 1.91919E+01	 2.07840E+01	 2.39002E+01	 2.26248E+01	 2.26016E+01
 2.45000E+01	 2.16608E+01	 2.18541E+01	 2.29536E+01	 2.21241E+01	 2.23833E+01	 2.30417E+01	 2.53641E+01	 2.69667E+01	 2.68057E+01	 3.05603E+01	 2.66951E+01	 2.77264E+01	 2.58970E+01	 2.76459E+01	 3.03207E+01	 3.54283E+01	 3.50552E+01	 3.00853E+01	 2.94152E+01	 3.52000E+01	 3.57758E+01	 4.33769E+01	 3.96077E+01	 3.25417E+01	 3.02610E+01	 2.51030E+01	 2.38060E+01	 2.72000E+01	 1.96732E+01	 2.12917E+01	 2.33752E+01	 2.08534E+01	 2.25830E+01	 2.18131E+01	 2.15624E+01	 2.07182E+01	 2.21448E+01	 2.31455E+01	 2.36876E+01	 2.12917E+01	 2.05000E+01	 2.20000E+01	 1.96701E+01	 2.27250E+01	 2.19459E+01	 2.30935E+01	 2.39034E+01	 2.24583E+01	 2.14526E+01	 2.20413E+01	 2.47332E+01	 2.20211E+01	 2.21692E+01	 2.47711E+01	 2.33335E+01	 2.13852E+01	 2.23909E+01	 2.60935E+01	 2.57132E+01	 1.96066E+01
 2.11091E+01	 1.88409E+01	 2.06801E+01	 2.36701E+01	 2.34862E+01	 2.33884E+01	 2.73616E+01	 2.14750E+01	 2.20000E+01	 2.28348E+01	 2.54732E+01	 3.36865E+01	 2.29632E+01	 2.26851E+01	 2.54107E+01	 2.75211E+01	 3.15735E+01	 2.68423E+01	 2.84544E+01	 2.33884E+01	 2.71960E+01	 3.76071E+01	 4.42945E+01	 2.96352E+01	 3.07332E+01	 3.45646E+01	 3.08902E+01	 2.38315E+01	 2.29108E+01	 2.39474E+01	 2.03368E+01	 2.48546E+01	 2.11332E+01	 2.28135E+01	 2.09936E+01	 2.06459E+01	 2.06534E+01	 2.13984E+01	 2.25699E+01	 2.25368E+01	 1.98004E+01	 1.87668E+01	 1.92936E+01	 2.55180E+01	 2.35536E+01	 1.94034E+01	 2.18235E+01	 2.39583E+01	 1.97332E+01	 2.17532E+01	 2.23273E+01	 2.04037E+01	 2.34682E+01	 2.40292E+01	 2.61384E+01	 2.92224E+01	 2.35000E+01	 2.31964E+01	 2.31851E+01	 2.62818E+01	 2.16191E+01
 2.33802E+01	 2.41234E+01	 1.89544E+01	 2.37187E+01	 2.27005E+01	 2.64058E+01	 2.08734E+01	 2.30871E+01	 2.12500E+01	 2.01141E+01	 2.19682E+01	 2.20370E+01	 2.07026E+01	 2.43616E+01	 2.31951E+01	 2.55086E+01	 2.69750E+01	 2.65504E+01	 2.60032E+01	 2.72464E+01	 3.13833E+01	 3.29673E+01	 3.00943E+01	 2.55129E+01	 3.04406E+01	 2.96838E+01	 2.54369E+01	 2.20036E+01	 2.14512E+01	 2.34732E+01	 2.35436E+01	 2.92677E+01	 2.83052E+01	 2.20335E+01	 2.02668E+01	 1.81234E+01	 1.95504E+01	 1.84170E+01	 2.16234E+01	 2.04862E+01	 1.66252E+01	 1.73959E+01	 1.77436E+01	 1.86330E+01	 2.03060E+01	 2.20068E+01	 2.41333E+01	 2.33417E+01	 2.18666E+01	 1.85368E+01	 2.20567E+01	 2.13784E+01	 1.91402E+01	 2.38060E+01	 2.38498E+01	 2.27418E+01	 2.66502E+01	 2.02500E+01	 2.03902E+01	 2.01138E+01	 2.06231E+01
 2.35404E+01	 2.31216E+01	 2.26313E+01	 2.17536E+01	 2.09419E+01	 2.09009E+01	 2.01223E+01	 2.01016E+01	 2.14526E+01	 2.22500E+01	 2.09764E+01	 2.19500E+01	 2.24910E+01	 2.59288E+01	 2.85304E+01	 3.07541E+01	 3.33663E+01	 2.96046E+01	 2.77294E+01	 2.52500E+01	 3.30141E+01	 3.46076E+01	 2.82886E+01	 2.44837E+01	 2.45141E+01	 2.31320E+01	 2.06016E+01	 1.77500E+01	 1.87618E+01	 1.73217E+01	 2.13353E+01	 2.26484E+01	 2.46239E+01	 2.37641E+01	 2.47087E+01	 2.15467E+01	 2.36484E+01	 2.13435E+01	 2.11333E+01	 1.99832E+01	 1.96833E+01	 2.22250E+01	 1.87667E+01	 2.32967E+01	 2.29365E+01	 2.22956E+01	 2.22543E+01	 2.31333E+01	 2.43902E+01	 2.03634E+01	 2.12711E+01	 1.93541E+01	 2.14052E+01	 2.23060E+01	 2.41402E+01	 1.90168E+01	 2.16565E+01	 2.17033E+01	 1.98984E+01	 1.98566E+01	 1.89544E+01
 2.12886E+01	 2.10368E+01	 1.94533E+01	 2.16565E+01	 1.93729E+01	 2.22096E+01	 2.29265E+01	 2.11933E+01	 1.96334E+01	 1.96116E+01	 2.03235E+01	 2.17537E+01	 2.25877E+01	 2.29698E+01	 2.95513E+01	 3.06981E+01	 3.34713E+01	 3.01000E+01	 2.46500E+01	 2.51588E+01	 2.71450E+01	 2.34003E+01	 2.00497E+01	 2.28303E+01	 2.11083E+01	 1.98453E+01	 1.86851E+01	 1.73117E+01	 2.13591E+01	 2.12917E+01	 2.10772E+01	 2.28633E+01	 1.83994E+01	 1.98377E+01	 2.51420E+01	 2.60204E+01	 2.41552E+01	 1.89170E+01	 1.85000E+01	 2.22500E+01	 1.92187E+01	 1.90036E+01	 2.03884E+01	 2.23591E+01	 2.17500E+01	 2.31133E+01	 2.23510E+01	 2.18167E+01	 2.17232E+01	 2.05043E+01	 2.05661E+01	 2.01895E+01	 1.94799E+01	 1.87936E+01	 1.77468E+01	 1.81851E+01	 1.62175E+01	 1.79002E+01	 2.04500E+01	 1.79088E+01	 2.05354E+01
 1.90272E+01	 2.10136E+01	 1.92568E+01	 1.88834E+01	 1.99505E+01	 2.06595E+01	 2.09045E+01	 2.08701E+01	 2.03065E+01	 2.10168E+01	 2.18453E+01	 2.28583E+01	 2.20943E+01	 2.45207E+01	 3.01158E+01	 2.92327E+01	 3.02629E+01	 2.35560E+01	 2.20180E+01	 1.93561E+01	 1.84399E+01	 2.06851E+01	 2.08207E+01	 1.96250E+01	 2.09988E+01	 2.24730E+01	 1.94419E+01	 2.00953E+01	 1.91869E+01	 2.00835E+01	 1.82500E+01	 1.79295E+01	 1.80043E+01	 1.82500E+01	 2.36409E+01	 2.28315E+01	 2.32435E+01	 1.95617E+01	 1.74194E+01	 1.98573E+01	 2.02804E+01	 2.08353E+01	 2.04918E+01	 1.85909E+01	 1.91077E+01	 1.98036E+01	 2.09794E+01	 1.87922E+01	 1.73334E+01	 1.76652E+01	 2.18303E+01	 1.89419E+01	 1.83017E+01	 1.77175E+01	 1.78734E+01	 1.84369E+01	 1.93589E+01	 2.00000E+01	 1.75000E+01	 1.88934E+01	 1.79376E+01
 2.35581E+01	 1.97864E+01	 2.57668E+01	 2.31007E+01	 1.93902E+01	 1.89601E+01	 1.98934E+01	 2.18884E+01	 2.36161E+01	 2.30399E+01	 2.07500E+01	 2.30335E+01	 2.27771E+01	 2.37970E+01	 2.25221E+01	 2.35490E+01	 1.94936E+01	 1.83771E+01	 2.08546E+01	 2.31302E+01	 2.39295E+01	 2.00666E+01	 1.95735E+01	 2.00871E+01	 1.88507E+01	 1.87005E+01	 1.83577E+01	 1.93036E+01	 1.97718E+01	 1.80517E+01	 2.02500E+01	 2.06466E+01	 1.85456E+01	 2.07818E+01	 1.85892E+01	 1.90000E+01	 2.25635E+01	 1.98049E+01	 1.90163E+01	 1.68205E+01	 1.82500E+01	 1.67500E+01	 1.75998E+01	 1.95662E+01	 1.82064E+01	 1.88466E+01	 1.96876E+01	 1.92432E+01	 1.85043E+01	 2.15560E+01	 2.20000E+01	 2.07101E+01	 1.89948E+01	 1.53802E+01	 1.69369E+01	 1.74095E+01	 1.90340E+01	 1.95764E+01	 1.99955E+01	 1.89587E+01	 1.74451E+01
 2.18417E+01	 2.41271E+01	 2.42967E+01	 2.22418E+01	 1.68117E+01	 2.24643E+01	 2.06838E+01	 2.11071E+01	 2.29464E+01	 2.24338E+01	 2.11595E+01	 2.22112E+01	 2.13135E+01	 2.52859E+01	 2.48633E+01	 2.02294E+01	 1.86170E+01	 1.73933E+01	 1.95000E+01	 1.93167E+01	 2.26120E+01	 2.04374E+01	 1.80404E+01	 2.22404E+01	 2.13272E+01	 2.20236E+01	 1.86420E+01	 1.92704E+01	 2.02500E+01	 2.24083E+01	 1.91083E+01	 1.87500E+01	 2.01284E+01	 2.10318E+01	 1.97044E+01	 1.99682E+01	 1.92500E+01	 1.84301E+01	 1.92173E+01	 2.12026E+01	 1.90000E+01	 2.12169E+01	 1.92965E+01	 2.06432E+01	 2.02500E+01	 1.94369E+01	 1.95037E+01	 1.94601E+01	 1.83691E+01	 1.99569E+01	 1.98166E+01	 2.09837E+01	 2.24088E+01	 2.30318E+01	 2.52182E+01	 2.20331E+01	 1.95000E+01	 1.89124E+01	 2.17418E+01	 1.76470E+01	 2.25735E+01
 2.11083E+01	 2.10612E+01	 2.45662E+01	 2.13541E+01	 2.11116E+01	 2.06697E+01	 2.28067E+01	 1.96384E+01	 1.86012E+01	 2.12457E+01	 2.29665E+01	 1.96935E+01	 2.01588E+01	 2.49315E+01	 2.33802E+01	 2.16838E+01	 2.11434E+01	 2.13017E+01	 1.85292E+01	 2.11103E+01	 2.12087E+01	 1.98802E+01	 1.93867E+01	 2.09327E+01	 2.22005E+01	 1.86561E+01	 2.29080E+01	 2.43453E+01	 1.91080E+01	 2.24583E+01	 2.06533E+01	 1.82500E+01	 2.09794E+01	 1.83348E+01	 1.63934E+01	 1.73934E+01	 2.12500E+01	 1.97500E+01	 2.10476E+01	 2.20808E+01	 2.06595E+01	 2.02586E+01	 1.72500E+01	 2.02818E+01	 1.91470E+01	 2.31034E+01	 2.06223E+01	 2.19083E+01	 2.07294E+01	 1.94152E+01	 1.88065E+01	 1.87543E+01	 2.28371E+01	 2.25707E+01	 2.08934E+01	 1.96919E+01	 1.96750E+01	 2.26507E+01	 2.17537E+01	 2.36297E+01	 2.12610E+01
 2.11352E+01	 1.94056E+01	 2.13453E+01	 1.93402E+01	 1.87833E+01	 1.89459E+01	 1.82936E+01	 2.41080E+01	 2.10331E+01	 1.85417E+01	 2.05717E+01	 2.00000E+01	 1.98402E+01	 2.40877E+01	 2.45335E+01	 1.95223E+01	 1.70049E+01	 1.99077E+01	 2.38303E+01	 2.53884E+01	 2.37608E+01	 2.11083E+01	 2.13371E+01	 2.52468E+01	 2.32760E+01	 2.24682E+01	 2.28172E+01	 2.63777E+01	 2.44910E+01	 1.95204E+01	 1.87997E+01	 1.66309E+01	 1.89794E+01	 1.80417E+01	 1.90000E+01	 1.89227E+01	 1.82101E+01	 1.85672E+01	 2.09918E+01	 2.01432E+01	 2.24338E+01	 2.15803E+01	 1.99672E+01	 1.79365E+01	 2.20871E+01	 2.05635E+01	 2.38135E+01	 1.83620E+01	 1.87422E+01	 1.89948E+01	 2.12169E+01	 2.38409E+01	 2.15902E+01	 2.23757E+01	 2.08988E+01	 2.37537E+01	 2.51869E+01	 2.45162E+01	 2.27015E+01	 2.09586E+01	 2.14862E+01
 1.80032E+01	 2.02736E+01	 1.90735E+01	 1.82182E+01	 2.03541E+01	 1.91148E+01	 1.79664E+01	 1.90318E+01	 1.94587E+01	 2.07044E+01	 1.94108E+01	 2.13448E+01	 1.80000E+01	 1.93802E+01	 2.21252E+01	 2.12768E+01	 2.03135E+01	 2.29170E+01	 2.20136E+01	 2.56906E+01	 2.28964E+01	 2.71402E+01	 2.33171E+01	 2.72608E+01	 2.22265E+01	 2.14918E+01	 1.87500E+01	 1.87868E+01	 1.65318E+01	 1.89026E+01	 2.14026E+01	 2.02362E+01	 2.05835E+01	 2.07012E+01	 2.08716E+01	 2.08299E+01	 2.00000E+01	 1.85368E+01	 1.98516E+01	 2.05000E+01	 2.21876E+01	 2.11577E+01	 2.01091E+01	 2.23516E+01	 2.20068E+01	 2.07886E+01	 2.08849E+01	 2.66077E+01	 2.72500E+01	 2.13802E+01	 2.12474E+01	 1.84918E+01	 2.08920E+01	 2.19170E+01	 2.24531E+01	 2.13639E+01	 2.13576E+01	 2.39107E+01	 2.46869E+01	 2.15359E+01	 2.25732E+01
 1.94825E+01	 1.94825E+01	 2.09512E+01	 2.00000E+01	 2.01252E+01	 1.93933E+01	 1.81632E+01	 2.05667E+01	 2.03748E+01	 2.33959E+01	 1.96216E+01	 1.86534E+01	 2.13571E+01	 2.54288E+01	 2.53353E+01	 2.39948E+01	 2.25264E+01	 2.41500E+01	 2.46331E+01	 2.51838E+01	 2.24075E+01	 2.34918E+01	 2.21906E+01	 2.27584E+01	 1.92834E+01	 1.73335E+01	 1.85500E+01	 1.69197E+01	 1.59197E+01	 1.66652E+01	 1.85331E+01	 1.73580E+01	 1.85000E+01	 2.00417E+01	 1.88167E+01	 2.39165E+01	 2.10000E+01	 1.76727E+01	 2.51951E+01	 2.13748E+01	 2.13455E+01	 2.13026E+01	 2.10082E+01	 2.33734E+01	 1.88409E+01	 1.91851E+01	 1.97866E+01	 2.29000E+01	 2.02711E+01	 2.28041E+01	 2.03041E+01	 1.74406E+01	 2.32417E+01	 2.03335E+01	 2.09750E+01	 2.18583E+01	 2.37505E+01	 2.45118E+01	 2.21241E+01	 2.77706E+01	 2.31257E+01
 2.26384E+01	 2.45218E+01	 2.48859E+01	 2.28530E+01	 2.42464E+01	 2.33135E+01	 2.18041E+01	 1.97967E+01	 2.10581E+01	 2.05617E+01	 1.90043E+01	 2.12500E+01	 2.34682E+01	 2.09301E+01	 2.39227E+01	 2.56983E+01	 2.19451E+01	 2.05935E+01	 2.12636E+01	 2.15560E+01	 2.12230E+01	 2.18325E+01	 2.15717E+01	 1.70504E+01	 1.74002E+01	 1.95000E+01	 1.69932E+01	 1.79728E+01	 1.86116E+01	 1.91259E+01	 1.89034E+01	 1.93852E+01	 1.74009E+01	 2.01234E+01	 2.10629E+01	 2.37917E+01	 1.96500E+01	 2.04077E+01	 2.10268E+01	 1.93392E+01	 2.16484E+01	 2.13049E+01	 1.95456E+01	 2.11727E+01	 1.71502E+01	 1.88933E+01	 2.20871E+01	 2.08129E+01	 1.89034E+01	 2.31077E+01	 1.84862E+01	 1.82044E+01	 1.73573E+01	 1.87967E+01	 1.86869E+01	 2.15735E+01	 2.02112E+01	 2.26829E+01	 2.03045E+01	 2.19227E+01	 2.33950E+01
 2.08273E+01	 2.30136E+01	 2.44025E+01	 2.91525E+01	 2.37012E+01	 2.30318E+01	 2.16141E+01	 2.13641E+01	 2.16359E+01	 1.98734E+01	 2.11876E+01	 2.05000E+01	 2.17457E+01	 2.17294E+01	 2.10227E+01	 2.10513E+01	 2.03675E+01	 2.05835E+01	 2.13442E+01	 2.05073E+01	 2.07084E+01	 2.03003E+01	 1.80490E+01	 1.82990E+01	 1.99419E+01	 1.93603E+01	 1.76252E+01	 1.74675E+01	 1.87175E+01	 1.89601E+01	 1.84601E+01	 1.74483E+01	 1.98909E+01	 2.14544E+01	 1.80000E+01	 1.95399E+01	 1.93067E+01	 1.85617E+01	 1.99152E+01	 2.02668E+01	 1.83959E+01	 1.95624E+01	 2.13591E+01	 2.12044E+01	 2.00773E+01	 1.89365E+01	 2.20167E+01	 2.23407E+01	 2.10118E+01	 2.08603E+01	 2.17990E+01	 2.04045E+01	 2.00735E+01	 1.95167E+01	 2.11450E+01	 2.24374E+01	 2.10758E+01	 2.40815E+01	 2.43247E+01	 2.17715E+01	 2.51139E+01
 1.99632E+01	 2.17682E+01	 2.26320E+01	 2.48271E+01	 2.29265E+01	 2.27282E+01	 2.33435E+01	 2.06166E+01	 1.92500E+01	 2.01502E+01	 2.31359E+01	 2.18859E+01	 1.83415E+01	 1.85707E+01	 1.89261E+01	 2.09124E+01	 2.07866E+01	 2.10472E+01	 2.28179E+01	 2.64463E+01	 2.21881E+01	 2.43272E+01	 2.36061E+01	 2.06818E+01	 1.74782E+01	 1.99533E+01	 2.10467E+01	 2.25467E+01	 2.30000E+01	 2.01459E+01	 1.76016E+01	 1.85368E+01	 2.14170E+01	 1.92436E+01	 2.29882E+01	 2.21073E+01	 1.93498E+01	 2.28423E+01	 2.21359E+01	 2.00325E+01	 1.77164E+01	 1.88417E+01	 1.91591E+01	 1.75331E+01	 1.97868E+01	 2.23603E+01	 2.36507E+01	 2.17884E+01	 2.10340E+01	 2.30292E+01	 2.06818E+01	 2.17760E+01	 2.17468E+01	 1.94736E+01	 2.36838E+01	 2.15504E+01	 2.09500E+01	 2.42468E+01	 2.22854E+01	 2.51302E+01	 2.57997E+01
 2.72208E+01	 2.50517E+01	 2.58235E+01	 2.27232E+01	 2.30000E+01	 2.12500E+01	 2.28583E+01	 1.92418E+01	 1.86484E+01	 2.11098E+01	 1.83984E+01	 1.74750E+01	 2.02886E+01	 2.23984E+01	 1.81876E+01	 1.83167E+01	 2.03833E+01	 2.08190E+01	 2.19061E+01	 2.36030E+01	 2.14587E+01	 1.87155E+01	 2.15167E+01	 2.25000E+01	 2.16633E+01	 1.87768E+01	 1.89419E+01	 1.95000E+01	 2.05966E+01	 2.14882E+01	 2.06577E+01	 1.82711E+01	 2.09500E+01	 2.06333E+01	 1.81309E+01	 2.10635E+01	 2.09587E+01	 2.19369E+01	 2.61750E+01	 2.39163E+01	 2.08809E+01	 1.95942E+01	 1.81202E+01	 1.83566E+01	 2.03049E+01	 1.81484E+01	 2.19338E+01	 2.31906E+01	 2.37668E+01	 2.42069E+01	 2.04052E+01	 1.85000E+01	 1.82736E+01	 1.90624E+01	 2.09065E+01	 1.80565E+01	 1.91838E+01	 2.08036E+01	 2.12886E+01	 2.34376E+01	 2.24768E+01
 2.27289E+01	 2.26876E+01	 2.35853E+01	 2.10386E+01	 2.32922E+01	 1.97187E+01	 2.16502E+01	 2.11865E+01	 1.88734E+01	 2.06658E+01	 1.98491E+01	 1.85935E+01	 2.22586E+01	 2.05000E+01	 1.90699E+01	 1.85331E+01	 1.96261E+01	 2.13955E+01	 2.11545E+01	 2.04301E+01	 2.01556E+01	 2.46271E+01	 2.07255E+01	 1.73752E+01	 1.78884E+01	 1.98873E+01	 2.05773E+01	 1.98702E+01	 2.00935E+01	 1.87537E+01	 1.93813E+01	 2.23969E+01	 1.87505E+01	 1.96788E+01	 2.27804E+01	 1.99369E+01	 2.00590E+01	 2.73638E+01	 2.83820E+01	 2.43902E+01	 2.53135E+01	 2.36409E+01	 2.32818E+01	 1.75404E+01	 2.00000E+01	 1.94614E+01	 1.96951E+01	 2.07468E+01	 2.22294E+01	 2.01838E+01	 1.92974E+01	 1.93833E+01	 1.88833E+01	 2.27455E+01	 2.07967E+01	 1.78049E+01	 1.81534E+01	 2.00902E+01	 2.00560E+01	 2.15909E+01	 2.20877E+01
 2.02418E+01	 1.78541E+01	 2.10336E+01	 2.31801E+01	 1.78060E+01	 2.16933E+01	 1.73036E+01	 2.02114E+01	 1.87033E+01	 2.20953E+01	 2.41558E+01	 2.06034E+01	 1.97543E+01	 2.06066E+01	 2.17332E+01	 2.22500E+01	 2.42155E+01	 2.21543E+01	 2.49948E+01	 2.18435E+01	 2.17164E+01	 2.36284E+01	 1.78577E+01	 2.41459E+01	 2.11259E+01	 2.12718E+01	 2.26851E+01	 2.24732E+01	 2.55998E+01	 2.08303E+01	 2.28603E+01	 2.35504E+01	 2.39152E+01	 2.50218E+01	 1.92500E+01	 2.18541E+01	 2.27760E+01	 2.30713E+01	 2.48739E+01	 2.22268E+01	 2.17505E+01	 2.11073E+01	 1.92568E+01	 1.64832E+01	 1.91271E+01	 1.80517E+01	 2.03984E+01	 2.26016E+01	 2.20204E+01	 1.96509E+01	 2.05000E+01	 1.99794E+01	 2.17804E+01	 2.25404E+01	 2.16470E+01	 2.25417E+01	 2.34825E+01	 1.93435E+01	 1.93271E+01	 2.42169E+01	 2.29369E+01
 2.04918E+01	 2.38777E+01	 1.82428E+01	 2.38606E+01	 2.19009E+01	 2.37936E+01	 2.05399E+01	 2.16509E+01	 2.15000E+01	 2.51252E+01	 2.37132E+01	 1.95206E+01	 2.10662E+01	 1.98616E+01	 2.41248E+01	 1.97884E+01	 2.13205E+01	 1.98648E+01	 1.98884E+01	 2.21624E+01	 2.33207E+01	 1.88353E+01	 1.86191E+01	 1.76409E+01	 1.91166E+01	 2.20204E+01	 2.03927E+01	 2.20536E+01	 2.18667E+01	 2.38353E+01	 2.28573E+01	 2.05005E+01	 2.34301E+01	 2.10653E+01	 2.21589E+01	 2.32087E+01	 2.24301E+01	 2.01788E+01	 2.19669E+01	 2.61801E+01	 2.44837E+01	 2.12868E+01	 2.21434E+01	 1.86116E+01	 1.93616E+01	 1.91041E+01	 1.74632E+01	 1.91234E+01	 2.31432E+01	 2.68530E+01	 2.31801E+01	 2.30923E+01	 2.27835E+01	 2.21869E+01	 2.34088E+01	 2.56670E+01	 2.24152E+01	 2.13566E+01	 2.30037E+01	 2.28752E+01	 2.08970E+01
 2.20935E+01	 1.85635E+01	 1.99007E+01	 1.69808E+01	 2.07768E+01	 2.44794E+01	 1.95168E+01	 2.27718E+01	 1.99419E+01	 1.84227E+01	 1.87988E+01	 1.85912E+01	 2.57500E+01	 2.14419E+01	 2.03235E+01	 1.74705E+01	 1.62169E+01	 2.08453E+01	 2.07680E+01	 2.40735E+01	 2.28616E+01	 2.06652E+01	 1.76552E+01	 2.06034E+01	 1.89083E+01	 2.14077E+01	 1.92418E+01	 2.12500E+01	 2.44376E+01	 2.38065E+01	 2.11509E+01	 2.17044E+01	 2.11883E+01	 2.30584E+01	 2.20819E+01	 2.64587E+01	 2.43620E+01	 2.65981E+01	 2.48478E+01	 2.36012E+01	 2.37142E+01	 2.20490E+01	 1.91103E+01	 2.10000E+01	 1.93266E+01	 2.16434E+01	 1.84351E+01	 2.00368E+01	 2.31234E+01	 2.20000E+01	 2.24152E+01	 2.34742E+01	 1.95790E+01	 2.04333E+01	 2.15417E+01	 2.15497E+01	 2.11371E+01	 1.90935E+01	 2.27187E+01	 2.16141E+01	 2.05923E+01
 2.27255E+01	 2.34192E+01	 2.01869E+01	 2.27169E+01	 2.04544E+01	 2.08516E+01	 1.90138E+01	 2.00417E+01	 1.82150E+01	 2.00336E+01	 2.21588E+01	 2.27112E+01	 2.27026E+01	 2.15223E+01	 2.10211E+01	 1.74083E+01	 1.92904E+01	 2.18272E+01	 2.12868E+01	 2.14794E+01	 1.97418E+01	 1.89526E+01	 1.99483E+01	 1.81034E+01	 1.76409E+01	 2.27736E+01	 1.70167E+01	 1.87418E+01	 1.88435E+01	 2.11509E+01	 1.87500E+01	 2.01577E+01	 2.05259E+01	 2.50136E+01	 2.51692E+01	 2.41167E+01	 2.59315E+01	 2.33415E+01	 2.49032E+01	 2.30834E+01	 2.23478E+01	 2.25172E+01	 2.24045E+01	 2.17175E+01	 2.00325E+01	 1.91384E+01	 2.35617E+01	 1.99299E+01	 2.22500E+01	 1.94083E+01	 2.05325E+01	 2.30472E+01	 1.88017E+01	 2.10000E+01	 2.04569E+01	 2.38084E+01	 1.92340E+01	 1.99669E+01	 2.66433E+01	 2.08172E+01	 2.00000E+01
 1.81638E+01	 1.88620E+01	 1.93534E+01	 1.93335E+01	 1.98060E+01	 2.09369E+01	 1.92143E+01	 2.04918E+01	 2.42917E+01	 2.13984E+01	 2.35699E+01	 2.33235E+01	 2.10000E+01	 2.30000E+01	 2.11765E+01	 2.13934E+01	 2.24002E+01	 2.17500E+01	 2.06141E+01	 1.91191E+01	 1.69045E+01	 1.79918E+01	 1.63648E+01	 1.77500E+01	 1.91484E+01	 2.03698E+01	 1.92432E+01	 1.71801E+01	 2.17500E+01	 2.02818E+01	 1.81951E+01	 1.75717E+01	 2.09163E+01	 1.98129E+01	 2.21799E+01	 2.67299E+01	 2.49181E+01	 2.47099E+01	 2.38213E+01	 2.23739E+01	 1.89374E+01	 2.22143E+01	 1.82792E+01	 2.29604E+01	 2.08702E+01	 2.02792E+01	 2.06016E+01	 2.11509E+01	 2.28516E+01	 2.25517E+01	 2.15054E+01	 1.89295E+01	 2.16670E+01	 1.89451E+01	 1.92836E+01	 1.88534E+01	 2.01534E+01	 2.11509E+01	 2.22012E+01	 2.12572E+01	 2.25699E+01
 1.85368E+01	 1.77532E+01	 1.95417E+01	 1.88833E+01	 1.73036E+01	 2.17012E+01	 2.02718E+01	 2.32164E+01	 2.46166E+01	 2.16652E+01	 2.34673E+01	 2.23303E+01	 1.88335E+01	 2.04544E+01	 2.28909E+01	 2.10318E+01	 2.13135E+01	 2.03453E+01	 1.88771E+01	 2.16577E+01	 1.98734E+01	 1.73583E+01	 1.95635E+01	 1.90318E+01	 1.70617E+01	 1.79197E+01	 1.92160E+01	 1.98348E+01	 2.22500E+01	 1.92033E+01	 1.92818E+01	 1.72718E+01	 1.82917E+01	 2.16464E+01	 2.76133E+01	 2.78950E+01	 2.68232E+01	 2.53146E+01	 2.00707E+01	 2.34163E+01	 2.23219E+01	 2.47956E+01	 2.37997E+01	 2.30603E+01	 2.37418E+01	 2.01665E+01	 1.86534E+01	 1.91534E+01	 2.12132E+01	 2.20773E+01	 2.46271E+01	 2.28453E+01	 1.93591E+01	 1.88081E+01	 2.06216E+01	 2.05835E+01	 2.42500E+01	 2.22482E+01	 2.30000E+01	 2.19376E+01	 2.09227E+01
 1.94265E+01	 2.08934E+01	 2.35735E+01	 1.95617E+01	 2.04587E+01	 1.97917E+01	 2.11459E+01	 2.33959E+01	 1.95000E+01	 1.78339E+01	 2.10072E+01	 2.14632E+01	 1.94669E+01	 1.89077E+01	 1.76091E+01	 1.94365E+01	 2.20835E+01	 2.15422E+01	 2.05629E+01	 1.83017E+01	 1.91223E+01	 1.89982E+01	 1.99732E+01	 1.91964E+01	 1.94376E+01	 1.83934E+01	 1.96459E+01	 2.12868E+01	 1.98573E+01	 1.68641E+01	 1.92500E+01	 1.89932E+01	 2.07917E+01	 2.26876E+01	 2.10935E+01	 2.48353E+01	 2.55216E+01	 2.38232E+01	 2.37092E+01	 2.15222E+01	 1.88235E+01	 2.21402E+01	 2.25304E+01	 2.19794E+01	 2.15966E+01	 2.07026E+01	 2.16034E+01	 2.18117E+01	 2.76851E+01	 2.43004E+01	 2.73348E+01	 2.50848E+01	 2.10292E+01	 2.08591E+01	 2.16509E+01	 2.04750E+01	 2.11066E+01	 2.36134E+01	 2.14601E+01	 2.12836E+01	 1.82792E+01
 2.12768E+01	 1.97500E+01	 2.05000E+01	 1.97680E+01	 1.98199E+01	 2.18334E+01	 2.30037E+01	 2.19483E+01	 2.14365E+01	 2.27680E+01	 1.93264E+01	 1.76701E+01	 1.79152E+01	 1.99250E+01	 1.86277E+01	 1.67500E+01	 1.72500E+01	 2.08639E+01	 2.13129E+01	 2.06302E+01	 2.16098E+01	 1.83798E+01	 1.97868E+01	 2.09533E+01	 1.96397E+01	 1.98566E+01	 2.01876E+01	 2.09170E+01	 2.01216E+01	 1.85043E+01	 1.88371E+01	 2.01016E+01	 1.96459E+01	 1.80000E+01	 1.90000E+01	 2.02500E+01	 1.95272E+01	 2.05000E+01	 2.18235E+01	 1.87435E+01	 2.05129E+01	 1.95953E+01	 1.93802E+01	 2.05472E+01	 2.26466E+01	 2.38866E+01	 2.13273E+01	 2.20902E+01	 2.29862E+01	 2.16291E+01	 2.15536E+01	 2.12711E+01	 2.18067E+01	 2.01833E+01	 1.84687E+01	 1.87836E+01	 1.91284E+01	 1.81652E+01	 1.95617E+01	 2.03409E+01	 2.26869E+01
 2.18616E+01	 1.84612E+01	 1.89955E+01	 1.80086E+01	 1.76089E+01	 1.75417E+01	 2.11277E+01	 1.96470E+01	 1.91045E+01	 1.75436E+01	 1.77746E+01	 1.95735E+01	 2.12436E+01	 1.93339E+01	 1.90772E+01	 2.14705E+01	 2.07736E+01	 1.94882E+01	 2.14832E+01	 2.05368E+01	 2.02866E+01	 1.94227E+01	 2.11384E+01	 2.09433E+01	 1.89002E+01	 1.81433E+01	 1.84868E+01	 1.84682E+01	 1.92792E+01	 1.70916E+01	 1.93784E+01	 1.87500E+01	 1.70000E+01	 1.89669E+01	 2.06577E+01	 2.03060E+01	 1.91266E+01	 2.34170E+01	 2.34840E+01	 1.95517E+01	 2.30909E+01	 2.31869E+01	 2.28516E+01	 2.20617E+01	 2.06141E+01	 2.05667E+01	 2.37143E+01	 2.28258E+01	 2.14508E+01	 2.13084E+01	 1.96106E+01	 2.11838E+01	 1.78084E+01	 1.90268E+01	 1.89899E+01	 1.96309E+01	 2.06919E+01	 1.88049E+01	 2.12418E+01	 2.40497E+01	 2.57680E+01
 1.99201E+01	 1.89347E+01	 2.11409E+01	 2.04152E+01	 2.32884E+01	 1.94260E+01	 2.12083E+01	 2.08834E+01	 2.37092E+01	 2.82680E+01	 2.20204E+01	 2.61239E+01	 2.27101E+01	 2.12680E+01	 2.12840E+01	 2.01781E+01	 2.12668E+01	 2.10966E+01	 2.24464E+01	 2.69669E+01	 2.19955E+01	 1.85773E+01	 1.85000E+01	 2.09077E+01	 1.71964E+01	 1.99483E+01	 1.99170E+01	 2.31133E+01	 1.92110E+01	 2.40368E+01	 2.40490E+01	 2.10635E+01	 2.30180E+01	 2.13603E+01	 1.86116E+01	 2.08491E+01	 2.26252E+01	 2.68273E+01	 2.30166E+01	 2.55167E+01	 2.42554E+01	 2.17792E+01	 2.29369E+01	 2.20517E+01	 2.43577E+01	 2.46271E+01	 2.65808E+01	 2.18970E+01	 2.15036E+01	 2.08583E+01	 2.20211E+01	 2.29614E+01	 2.49544E+01	 2.35635E+01	 2.10037E+01	 1.98167E+01	 1.70264E+01	 2.06034E+01	 2.28566E+01	 2.70966E+01	 2.58153E+01
 2.54936E+01	 2.57036E+01	 2.17500E+01	 2.19091E+01	 2.13060E+01	 2.02549E+01	 2.27868E+01	 2.18466E+01	 2.28902E+01	 2.67205E+01	 2.38739E+01	 2.19338E+01	 2.14544E+01	 2.09301E+01	 1.82854E+01	 1.93084E+01	 1.79569E+01	 1.91865E+01	 1.94419E+01	 2.13843E+01	 1.79918E+01	 1.76727E+01	 1.95467E+01	 2.14338E+01	 1.86665E+01	 1.83766E+01	 2.31670E+01	 2.34034E+01	 3.26252E+01	 2.26795E+01	 2.40000E+01	 2.11624E+01	 2.32500E+01	 2.33546E+01	 2.24133E+01	 1.97250E+01	 2.28353E+01	 2.71320E+01	 2.24732E+01	 2.18616E+01	 2.35000E+01	 1.75601E+01	 2.29614E+01	 2.34464E+01	 2.46284E+01	 2.40244E+01	 2.35223E+01	 2.05106E+01	 2.28530E+01	 1.88167E+01	 2.33929E+01	 2.10164E+01	 2.11252E+01	 2.08266E+01	 2.40000E+01	 2.36309E+01	 2.12083E+01	 2.24132E+01	 2.01916E+01	 2.44201E+01	 2.33303E+01
 2.43667E+01	 2.27417E+01	 2.78984E+01	 2.12831E+01	 2.05000E+01	 1.92114E+01	 1.95138E+01	 2.06588E+01	 2.16179E+01	 2.15671E+01	 1.72101E+01	 2.01402E+01	 1.96552E+01	 2.00043E+01	 2.04832E+01	 1.82436E+01	 1.84687E+01	 2.23598E+01	 2.07187E+01	 2.10005E+01	 2.06434E+01	 2.22718E+01	 1.98541E+01	 2.01583E+01	 2.00517E+01	 2.36434E+01	 2.21077E+01	 2.30853E+01	 2.36333E+01	 2.61201E+01	 2.16637E+01	 2.21701E+01	 2.18371E+01	 2.05474E+01	 2.15417E+01	 1.90923E+01	 2.35467E+01	 1.99133E+01	 2.51066E+01	 2.24708E+01	 2.46670E+01	 2.41320E+01	 2.64755E+01	 2.63146E+01	 2.57299E+01	 2.45603E+01	 2.14669E+01	 2.37666E+01	 2.57500E+01	 2.62268E+01	 1.97917E+01	 2.06091E+01	 2.02582E+01	 2.20000E+01	 2.07500E+01	 2.41341E+01	 2.38534E+01	 2.05000E+01	 2.40218E+01	 2.52988E+01	 2.16940E+01
 2.50690E+01	 2.41449E+01	 2.12087E+01	 1.94682E+01	 2.06384E+01	 1.68117E+01	 1.87482E+01	 1.94451E+01	 2.05853E+01	 2.07000E+01	 2.06252E+01	 2.02362E+01	 2.37254E+01	 2.22418E+01	 2.22264E+01	 1.88934E+01	 2.13909E+01	 2.00336E+01	 2.06484E+01	 2.15699E+01	 2.38417E+01	 2.22282E+01	 2.09782E+01	 2.09158E+01	 1.78049E+01	 2.09065E+01	 1.86241E+01	 2.08759E+01	 2.06034E+01	 2.09612E+01	 2.66070E+01	 2.02101E+01	 2.28859E+01	 2.17325E+01	 2.06701E+01	 2.07792E+01	 2.21103E+01	 2.14782E+01	 2.26089E+01	 2.49587E+01	 2.30272E+01	 2.02664E+01	 2.31881E+01	 2.22044E+01	 2.17636E+01	 2.52005E+01	 2.52917E+01	 2.49026E+01	 2.40166E+01	 2.31252E+01	 2.19918E+01	 2.13909E+01	 1.96191E+01	 1.77432E+01	 1.80000E+01	 1.98902E+01	 2.16116E+01	 2.14378E+01	 1.84583E+01	 1.89083E+01	 2.18516E+01
 2.31639E+01	 2.18537E+01	 2.05653E+01	 1.94419E+01	 2.01701E+01	 1.90635E+01	 1.97182E+01	 2.11665E+01	 2.05211E+01	 2.05304E+01	 2.15853E+01	 1.99794E+01	 2.19201E+01	 2.22337E+01	 2.04052E+01	 2.03498E+01	 1.81216E+01	 1.81851E+01	 2.17044E+01	 2.05935E+01	 1.98117E+01	 1.74533E+01	 1.78273E+01	 1.92768E+01	 1.81701E+01	 1.92101E+01	 1.98453E+01	 1.92500E+01	 2.16484E+01	 2.20354E+01	 2.30180E+01	 2.18516E+01	 2.12638E+01	 2.02382E+01	 2.21041E+01	 2.05624E+01	 1.98752E+01	 1.97083E+01	 2.07500E+01	 2.12835E+01	 2.32436E+01	 2.27299E+01	 2.79374E+01	 2.50994E+01	 3.04627E+01	 2.60812E+01	 2.64007E+01	 2.53272E+01	 2.26906E+01	 1.66441E+02	 9.48591E+01	 2.03049E+01	 1.86547E+01	 1.92132E+01	 1.83934E+01	 1.84464E+01	 1.94825E+01	 2.03103E+01	 2.06320E+01	 2.23534E+01	 2.03453E+01
 2.29124E+01	 2.11507E+01	 2.05404E+01	 2.34910E+01	 2.10086E+01	 1.93616E+01	 2.10803E+01	 2.11670E+01	 2.07711E+01	 1.98959E+01	 1.94419E+01	 2.02250E+01	 2.27917E+01	 2.29794E+01	 2.04957E+01	 1.82500E+01	 1.81670E+01	 1.91134E+01	 1.70666E+01	 1.80168E+01	 1.97706E+01	 2.00000E+01	 1.81534E+01	 2.36876E+01	 2.04794E+01	 2.16434E+01	 2.57500E+01	 2.20581E+01	 2.11705E+01	 1.97064E+01	 2.30666E+01	 1.93381E+01	 1.93435E+01	 1.98734E+01	 1.85417E+01	 1.80772E+01	 1.85005E+01	 2.23603E+01	 2.24904E+01	 2.52012E+01	 2.66271E+01	 2.57997E+01	 2.49043E+01	 2.45661E+01	 2.31675E+01	 2.14799E+01	 2.14138E+01	 2.25073E+01	 1.94794E+01	 1.78984E+01	 1.86727E+01	 1.85292E+01	 1.94077E+01	 1.84083E+01	 1.74750E+01	 1.76234E+01	 1.96116E+01	 1.99152E+01	 1.70735E+01	 1.74675E+01	 2.06202E+01
 2.50041E+01	 2.34088E+01	 2.17404E+01	 2.47169E+01	 2.25268E+01	 2.23067E+01	 2.21534E+01	 2.25118E+01	 2.07268E+01	 2.02337E+01	 2.08153E+01	 1.87282E+01	 1.77464E+01	 1.75517E+01	 2.07500E+01	 1.95773E+01	 1.90000E+01	 1.83866E+01	 1.98000E+01	 2.00250E+01	 2.23591E+01	 1.92182E+01	 2.01073E+01	 2.06883E+01	 2.19687E+01	 2.21545E+01	 2.13909E+01	 2.01041E+01	 1.80567E+01	 2.15000E+01	 2.05000E+01	 1.95236E+01	 1.98734E+01	 1.82232E+01	 2.11397E+01	 2.24433E+01	 2.19669E+01	 2.32169E+01	 2.69351E+01	 2.54351E+01	 2.31448E+01	 2.00292E+01	 2.02178E+01	 2.35881E+01	 2.19679E+01	 2.23633E+01	 2.35603E+01	 2.25336E+01	 1.82500E+01	 1.91834E+01	 1.81166E+01	 1.94009E+01	 2.02232E+01	 1.89932E+01	 1.91833E+01	 2.04083E+01	 2.07418E+01	 1.89108E+01	 1.84500E+01	 1.83933E+01	 2.18205E+01
 1.90909E+01	 2.09533E+01	 2.29932E+01	 2.13784E+01	 1.95594E+01	 2.03512E+01	 1.82364E+01	 1.99918E+01	 2.08932E+01	 1.99583E+01	 2.04033E+01	 1.85268E+01	 1.90268E+01	 1.91869E+01	 2.22268E+01	 2.13616E+01	 1.86116E+01	 2.30000E+01	 1.96166E+01	 2.33834E+01	 2.50000E+01	 2.08884E+01	 1.88571E+01	 1.96533E+01	 1.88335E+01	 1.92325E+01	 2.14782E+01	 2.29632E+01	 2.14782E+01	 2.27988E+01	 1.89864E+01	 2.23049E+01	 1.92500E+01	 2.04483E+01	 2.18954E+01	 1.95090E+01	 2.29371E+01	 2.66652E+01	 2.15617E+01	 2.07468E+01	 2.16464E+01	 2.37505E+01	 2.66339E+01	 2.19955E+01	 2.28507E+01	 2.22997E+01	 1.96801E+01	 2.00735E+01	 2.02468E+01	 2.11366E+01	 2.04583E+01	 2.24365E+01	 2.12169E+01	 2.15517E+01	 2.08541E+01	 2.41266E+01	 2.30000E+01	 2.32294E+01	 2.11459E+01	 2.17457E+01	 2.16547E+01
 1.90000E+01	 1.94227E+01	 1.79732E+01	 1.92500E+01	 1.82500E+01	 2.04544E+01	 2.21402E+01	 2.04088E+01	 2.64682E+01	 2.19163E+01	 2.15016E+01	 2.46384E+01	 2.02500E+01	 1.66876E+01	 1.77432E+01	 1.95268E+01	 2.01632E+01	 2.14052E+01	 2.31397E+01	 2.15000E+01	 2.12701E+01	 2.49669E+01	 2.17064E+01	 2.03959E+01	 1.84376E+01	 2.20386E+01	 2.21795E+01	 2.32500E+01	 2.21652E+01	 2.23616E+01	 2.36624E+01	 2.29170E+01	 2.16295E+01	 2.16433E+01	 2.22500E+01	 1.90388E+01	 1.69474E+01	 1.85175E+01	 2.00246E+01	 2.23545E+01	 2.14672E+01	 2.53959E+01	 2.32680E+01	 2.21134E+01	 2.59799E+01	 2.13353E+01	 2.42418E+01	 1.97332E+01	 2.35549E+01	 2.46434E+01	 2.45000E+01	 2.26666E+01	 2.36066E+01	 2.23934E+01	 1.97164E+01	 1.97182E+01	 2.18516E+01	 2.33017E+01	 1.98273E+01	 2.28591E+01	 2.45497E+01
 1.92500E+01	 2.11658E+01	 2.35000E+01	 2.56434E+01	 2.69968E+01	 2.55000E+01	 2.72792E+01	 2.40909E+01	 2.41558E+01	 1.94419E+01	 1.88117E+01	 2.12410E+01	 2.14201E+01	 2.07500E+01	 1.95417E+01	 2.29034E+01	 1.99416E+01	 2.09675E+01	 2.60835E+01	 2.68830E+01	 2.73235E+01	 2.74754E+01	 2.15735E+01	 2.02564E+01	 2.35417E+01	 2.33330E+01	 2.12132E+01	 2.43641E+01	 2.57208E+01	 2.17500E+01	 2.20292E+01	 1.88442E+01	 2.08135E+01	 2.14301E+01	 2.17792E+01	 2.14058E+01	 2.10540E+01	 2.04328E+01	 2.31103E+01	 2.28167E+01	 2.34682E+01	 2.13273E+01	 3.07468E+01	 2.43795E+01	 2.20835E+01	 2.46552E+01	 2.16266E+01	 2.10331E+01	 2.26765E+01	 2.17706E+01	 2.13954E+01	 2.12974E+01	 2.12012E+01	 2.28734E+01	 2.11727E+01	 1.66434E+01	 2.00917E+01	 1.95386E+01	 2.27500E+01	 2.21583E+01	 2.93666E+01
 2.20000E+01	 2.27250E+01	 2.60953E+01	 2.49583E+01	 2.43371E+01	 2.45000E+01	 2.77967E+01	 2.28794E+01	 1.99133E+01	 1.83959E+01	 2.33335E+01	 2.18036E+01	 2.05368E+01	 2.09968E+01	 2.54500E+01	 2.74083E+01	 2.23934E+01	 2.27500E+01	 2.42818E+01	 2.35837E+01	 3.07169E+01	 2.53741E+01	 2.34077E+01	 2.35517E+01	 2.64451E+01	 2.43752E+01	 2.16951E+01	 2.26533E+01	 2.37132E+01	 2.25699E+01	 2.25331E+01	 2.33156E+01	 1.83235E+01	 1.97596E+01	 2.22917E+01	 2.03423E+01	 2.07974E+01	 2.02446E+01	 2.38798E+01	 2.16474E+01	 2.01865E+01	 2.34809E+01	 2.32835E+01	 2.30729E+01	 2.03748E+01	 2.00000E+01	 2.27026E+01	 1.98859E+01	 2.18566E+01	 2.03909E+01	 2.45180E+01	 2.76411E+01	 2.29616E+01	 2.43041E+01	 2.33970E+01	 2.28330E+01	 2.27718E+01	 2.22299E+01	 2.66595E+01	 2.27967E+01	 2.15560E+01
 2.32746E+01	 2.18299E+01	 1.99034E+01	 2.38758E+01	 2.49170E+01	 3.07244E+01	 2.41216E+01	 2.67500E+01	 2.04682E+01	 2.55000E+01	 2.62500E+01	 2.33988E+01	 2.37638E+01	 2.36191E+01	 2.33036E+01	 2.26556E+01	 2.52432E+01	 2.34197E+01	 2.17264E+01	 2.38498E+01	 2.18784E+01	 2.23705E+01	 2.43541E+01	 2.09632E+01	 2.06933E+01	 2.28049E+01	 2.36466E+01	 1.98580E+01	 2.25118E+01	 2.40771E+01	 2.46179E+01	 2.47772E+01	 2.26148E+01	 2.20204E+01	 2.06565E+01	 2.07432E+01	 2.41141E+01	 2.11434E+01	 2.30036E+01	 2.61828E+01	 2.43167E+01	 2.64764E+01	 3.23512E+01	 3.27337E+01	 2.71466E+01	 2.49864E+01	 2.36420E+01	 2.28516E+01	 2.12750E+01	 2.23167E+01	 2.31073E+01	 2.22636E+01	 2.90617E+01	 2.56116E+01	 2.35567E+01	 2.20917E+01	 2.07083E+01	 2.02974E+01	 2.22831E+01	 2.07500E+01	 1.89250E+01
 1.91652E+01	 2.04583E+01	 2.02500E+01	 2.23290E+01	 2.29286E+01	 2.41294E+01	 2.91919E+01	 2.57033E+01	 2.71359E+01	 2.56239E+01	 2.61706E+01	 2.62417E+01	 2.30272E+01	 2.42667E+01	 2.30000E+01	 2.47582E+01	 2.17706E+01	 2.04433E+01	 2.43435E+01	 2.26869E+01	 2.09058E+01	 2.06865E+01	 2.30417E+01	 2.24583E+01	 2.21166E+01	 2.08199E+01	 2.11658E+01	 2.33435E+01	 2.27834E+01	 2.53319E+01	 2.56675E+01	 2.25384E+01	 2.19673E+01	 2.17636E+01	 1.98634E+01	 2.15000E+01	 2.15399E+01	 2.33067E+01	 2.24664E+01	 2.68709E+01	 2.88723E+01	 2.81577E+01	 2.48541E+01	 2.63335E+01	 2.22543E+01	 2.10413E+01	 2.22399E+01	 2.42917E+01	 2.49601E+01	 2.28117E+01	 2.33205E+01	 2.29732E+01	 2.09152E+01	 2.03067E+01	 2.29451E+01	 2.08984E+01	 2.06484E+01	 2.30236E+01	 2.11552E+01	 2.20318E+01	 2.19026E+01
 2.27500E+01	 2.33571E+01	 2.57854E+01	 2.76066E+01	 2.93409E+01	 3.32760E+01	 3.04643E+01	 2.52403E+01	 2.87372E+01	 2.62212E+01	 2.51175E+01	 2.63258E+01	 2.55168E+01	 2.52101E+01	 2.30168E+01	 2.28235E+01	 2.52917E+01	 2.22500E+01	 2.13984E+01	 2.10386E+01	 2.02282E+01	 2.10000E+01	 2.03117E+01	 1.96316E+01	 2.26665E+01	 2.33348E+01	 2.36384E+01	 2.39009E+01	 2.17586E+01	 2.45690E+01	 2.56788E+01	 2.37917E+01	 2.24333E+01	 2.22967E+01	 2.16484E+01	 2.38435E+01	 2.40386E+01	 2.17866E+01	 2.27836E+01	 2.41252E+01	 2.51402E+01	 2.55653E+01	 2.85935E+01	 2.57033E+01	 2.10567E+01	 2.02500E+01	 2.10000E+01	 2.22537E+01	 2.07418E+01	 1.91933E+01	 2.45000E+01	 2.18603E+01	 2.42033E+01	 2.38534E+01	 2.27543E+01	 2.48959E+01	 2.47033E+01	 2.57967E+01	 2.43666E+01	 2.23017E+01	 2.28534E+01
 2.77500E+01	 2.67026E+01	 2.49840E+01	 2.93802E+01	 3.16701E+01	 3.21526E+01	 2.87468E+01	 2.76974E+01	 2.72891E+01	 2.69590E+01	 2.66045E+01	 2.28616E+01	 2.07500E+01	 2.18217E+01	 2.07500E+01	 2.55935E+01	 2.41402E+01	 2.09083E+01	 2.18984E+01	 1.92164E+01	 2.11933E+01	 2.49601E+01	 2.22500E+01	 2.45000E+01	 2.06577E+01	 2.07399E+01	 2.19058E+01	 2.18716E+01	 2.07500E+01	 2.19483E+01	 2.11558E+01	 2.28534E+01	 2.23909E+01	 2.01577E+01	 2.27668E+01	 2.15617E+01	 2.31234E+01	 2.37336E+01	 2.27500E+01	 2.21098E+01	 2.38205E+01	 2.38409E+01	 2.39794E+01	 2.42967E+01	 2.34464E+01	 2.48909E+01	 2.66588E+01	 2.49052E+01	 2.20991E+01	 2.12500E+01	 2.25000E+01	 2.36906E+01	 2.62573E+01	 2.74675E+01	 2.42792E+01	 2.37294E+01	 2.14451E+01	 2.31167E+01	 2.15250E+01	 2.21665E+01	 2.10705E+01
 3.05624E+01	 2.82917E+01	 3.22500E+01	 2.56951E+01	 2.68820E+01	 2.64799E+01	 2.87666E+01	 2.90902E+01	 2.64170E+01	 2.36869E+01	 2.92179E+01	 2.58676E+01	 2.46652E+01	 2.83583E+01	 2.30304E+01	 2.27175E+01	 2.61333E+01	 2.33723E+01	 2.62500E+01	 2.58417E+01	 2.25431E+01	 2.41666E+01	 2.61098E+01	 2.46697E+01	 2.35000E+01	 2.48984E+01	 2.78049E+01	 2.43666E+01	 2.43641E+01	 2.58795E+01	 2.58017E+01	 2.44047E+01	 2.40953E+01	 2.19369E+01	 2.20935E+01	 2.21533E+01	 2.10991E+01	 2.14533E+01	 2.18984E+01	 2.05517E+01	 2.01765E+01	 2.11266E+01	 2.19483E+01	 2.29664E+01	 2.13666E+01	 2.11608E+01	 2.51558E+01	 2.67500E+01	 2.24283E+01	 2.21352E+01	 2.31558E+01	 2.34351E+01	 2.29643E+01	 2.02792E+01	 2.18809E+01	 2.25417E+01	 2.15617E+01	 2.15000E+01	 2.19957E+01	 2.33691E+01	 2.29533E+01
 2.77899E+01	 2.53766E+01	 2.53417E+01	 2.83392E+01	 3.42568E+01	 3.07636E+01	 3.87668E+01	 3.31666E+01	 3.27825E+01	 3.41883E+01	 3.19351E+01	 3.39935E+01	 3.20735E+01	 2.85334E+01	 2.87825E+01	 3.06883E+01	 2.93103E+01	 2.75292E+01	 2.50942E+01	 2.30000E+01	 2.21284E+01	 2.38802E+01	 2.12500E+01	 2.25617E+01	 2.45617E+01	 2.66701E+01	 2.47608E+01	 2.66223E+01	 2.57792E+01	 2.60335E+01	 2.36259E+01	 2.55000E+01	 2.42500E+01	 2.50082E+01	 2.40000E+01	 2.51851E+01	 2.81298E+01	 2.45549E+01	 2.16565E+01	 2.32264E+01	 2.22289E+01	 2.20500E+01	 2.47500E+01	 2.24917E+01	 2.73409E+01	 3.03442E+01	 2.86266E+01	 2.49091E+01	 2.30617E+01	 2.42667E+01	 2.47000E+01	 2.10000E+01	 2.38798E+01	 2.60935E+01	 2.97362E+01	 2.32818E+01	 2.27500E+01	 2.01534E+01	 2.24682E+01	 2.00912E+01	 2.10000E+01
 2.43017E+01	 2.76607E+01	 3.85633E+01	 3.06134E+01	 2.88959E+01	 2.83407E+01	 3.42630E+01	 3.14374E+01	 2.87590E+01	 2.74832E+01	 2.52468E+01	 2.66231E+01	 3.03443E+01	 3.03023E+01	 3.01042E+01	 2.61307E+01	 2.35552E+01	 2.36608E+01	 2.64152E+01	 2.73833E+01	 2.75417E+01	 2.08734E+01	 2.32988E+01	 2.38598E+01	 2.47500E+01	 2.74433E+01	 2.90735E+01	 2.73393E+01	 2.77967E+01	 2.67768E+01	 2.74333E+01	 2.50917E+01	 2.31869E+01	 2.86917E+01	 2.66869E+01	 3.12418E+01	 3.01565E+01	 2.86229E+01	 2.30567E+01	 2.95260E+01	 2.60168E+01	 2.57732E+01	 2.25517E+01	 1.92500E+01	 2.46591E+01	 3.25735E+01	 2.49419E+01	 2.45175E+01	 2.52337E+01	 2.37101E+01	 2.24544E+01	 2.52866E+01	 2.53758E+01	 2.68060E+01	 2.51555E+01	 2.65000E+01	 2.48748E+01	 2.12500E+01	 2.04091E+01	 2.01633E+01	 2.03423E+01
 3.08466E+01	 2.48124E+01	 2.35467E+01	 2.48603E+01	 2.34750E+01	 2.51331E+01	 2.28589E+01	 2.93258E+01	 3.16838E+01	 2.47967E+01	 2.77169E+01	 2.74825E+01	 3.21034E+01	 3.45503E+01	 4.11534E+01	 2.81827E+01	 3.46250E+01	 3.02795E+01	 2.44383E+01	 2.59968E+01	 2.17732E+01	 2.30504E+01	 2.66637E+01	 2.62500E+01	 2.74672E+01	 2.51331E+01	 2.18566E+01	 2.78648E+01	 2.40617E+01	 2.42044E+01	 2.50399E+01	 2.76933E+01	 2.21565E+01	 2.31349E+01	 2.92015E+01	 3.31829E+01	 2.34948E+01	 2.07044E+01	 2.45953E+01	 2.13859E+01	 2.09601E+01	 2.17825E+01	 2.52818E+01	 1.94026E+01	 1.80268E+01	 2.27500E+01	 2.61781E+01	 2.68667E+01	 2.32573E+01	 2.58616E+01	 2.57500E+01	 2.75707E+01	 2.49768E+01	 3.03207E+01	 2.28507E+01	 2.59687E+01	 2.94369E+01	 2.29009E+01	 2.24365E+01	 2.64034E+01	 2.44419E+01
 2.14338E+01	 2.85417E+01	 2.26170E+01	 2.46919E+01	 2.28308E+01	 2.44474E+01	 2.27198E+01	 2.58134E+01	 3.24840E+01	 2.64698E+01	 2.52187E+01	 3.10366E+01	 3.67972E+01	 3.27169E+01	 2.82164E+01	 2.81500E+01	 2.79365E+01	 3.10136E+01	 3.19007E+01	 2.68167E+01	 2.27362E+01	 2.68272E+01	 2.39632E+01	 2.22000E+01	 2.89601E+01	 2.66427E+01	 2.10292E+01	 2.44768E+01	 2.68902E+01	 2.31876E+01	 2.49872E+01	 2.29376E+01	 2.38969E+01	 2.13663E+01	 1.79872E+01	 2.35180E+01	 2.41500E+01	 2.30168E+01	 2.21034E+01	 2.09832E+01	 2.28970E+01	 2.20032E+01	 2.11652E+01	 2.13534E+01	 2.38970E+01	 2.37850E+01	 2.67332E+01	 2.50799E+01	 2.82500E+01	 2.33833E+01	 2.40180E+01	 2.11016E+01	 2.19918E+01	 2.67255E+01	 2.48766E+01	 2.88334E+01	 2.72904E+01	 2.69500E+01	 2.31333E+01	 2.13377E+01	 1.97917E+01
 2.51166E+01	 2.26134E+01	 2.34265E+01	 2.31728E+01	 2.41080E+01	 2.61201E+01	 2.49250E+01	 2.28498E+01	 2.35666E+01	 2.21071E+01	 2.49089E+01	 2.41788E+01	 2.32716E+01	 2.53353E+01	 2.54108E+01	 2.71638E+01	 2.29803E+01	 2.34698E+01	 2.28339E+01	 2.69948E+01	 2.55772E+01	 2.07294E+01	 2.49614E+01	 2.21484E+01	 2.44170E+01	 2.23084E+01	 2.19351E+01	 1.99009E+01	 2.18984E+01	 2.62586E+01	 2.40404E+01	 2.74794E+01	 2.61041E+01	 2.54376E+01	 2.46665E+01	 2.60118E+01	 2.47250E+01	 2.41073E+01	 2.56727E+01	 2.85068E+01	 2.67500E+01	 2.40204E+01	 2.24564E+01	 2.20206E+01	 2.10773E+01	 2.27026E+01	 2.02404E+01	 2.34837E+01	 2.72455E+01	 2.77836E+01	 3.27083E+01	 2.71427E+01	 2.37455E+01	 2.34419E+01	 2.45368E+01	 2.48566E+01	 2.62500E+01	 2.18353E+01	 2.27418E+01	 2.39837E+01	 2.03752E+01
 2.25417E+01	 2.54227E+01	 2.59864E+01	 2.49932E+01	 2.33235E+01	 2.40068E+01	 2.05000E+01	 2.13235E+01	 1.84705E+01	 1.86120E+01	 2.04000E+01	 2.41083E+01	 2.30260E+01	 2.10172E+01	 2.29124E+01	 2.49650E+01	 2.47337E+01	 2.27255E+01	 2.26624E+01	 2.32036E+01	 2.48984E+01	 2.29750E+01	 2.00223E+01	 2.08752E+01	 2.58820E+01	 2.31869E+01	 2.56509E+01	 2.27165E+01	 2.42663E+01	 2.50082E+01	 2.52886E+01	 2.22543E+01	 2.50000E+01	 2.73966E+01	 2.40773E+01	 2.16091E+01	 2.46509E+01	 2.26234E+01	 2.28466E+01	 2.97026E+01	 2.69052E+01	 2.20667E+01	 2.03959E+01	 2.15488E+01	 2.34789E+01	 2.57500E+01	 2.64483E+01	 2.90991E+01	 2.84301E+01	 2.38984E+01	 2.16402E+01	 2.06166E+01	 1.76608E+01	 2.06534E+01	 2.25000E+01	 2.28809E+01	 2.26765E+01	 2.35000E+01	 2.35000E+01	 2.56016E+01	 2.58205E+01
 2.38603E+01	 2.63566E+01	 2.40037E+01	 2.06470E+01	 2.02792E+01	 2.26103E+01	 2.01983E+01	 1.67164E+01	 1.72464E+01	 1.78795E+01	 1.90090E+01	 2.13752E+01	 2.06552E+01	 2.40336E+01	 2.15517E+01	 2.32586E+01	 2.37255E+01	 2.33577E+01	 2.48003E+01	 2.18003E+01	 2.35000E+01	 2.64583E+01	 2.44351E+01	 2.46526E+01	 2.07500E+01	 2.23791E+01	 2.43235E+01	 2.42818E+01	 2.34034E+01	 2.49601E+01	 2.40635E+01	 2.38217E+01	 2.48217E+01	 2.27500E+01	 2.42250E+01	 2.25000E+01	 2.39864E+01	 2.55436E+01	 2.47908E+01	 2.72417E+01	 3.31252E+01	 3.20629E+01	 2.77886E+01	 2.76309E+01	 2.60000E+01	 2.18017E+01	 2.11509E+01	 2.08117E+01	 2.28117E+01	 2.08205E+01	 2.01362E+01	 2.09957E+01	 2.04526E+01	 2.27768E+01	 2.27026E+01	 2.16034E+01	 2.22362E+01	 2.26588E+01	 2.45036E+01	 2.16166E+01	 2.16876E+01
 2.17836E+01	 1.99583E+01	 1.81362E+01	 1.97582E+01	 2.26016E+01	 2.05000E+01	 2.02967E+01	 1.99065E+01	 1.93666E+01	 2.02282E+01	 1.91509E+01	 2.05386E+01	 2.29862E+01	 2.27586E+01	 2.22792E+01	 2.30803E+01	 2.34351E+01	 2.43409E+01	 2.50386E+01	 2.27586E+01	 2.14837E+01	 2.08435E+01	 2.22169E+01	 2.33603E+01	 2.16801E+01	 1.92399E+01	 1.95953E+01	 2.21919E+01	 2.36266E+01	 2.37164E+01	 2.17264E+01	 2.08498E+01	 2.10705E+01	 2.15998E+01	 2.40000E+01	 2.36534E+01	 2.55000E+01	 2.31996E+01	 2.27114E+01	 2.20250E+01	 2.39227E+01	 2.14544E+01	 1.92500E+01	 2.10036E+01	 2.15072E+01	 2.03117E+01	 2.08149E+01	 2.04664E+01	 2.30991E+01	 2.15000E+01	 2.25000E+01	 2.20517E+01	 2.03666E+01	 2.05998E+01	 2.24464E+01	 2.04419E+01	 2.40211E+01	 2.35417E+01	 2.30735E+01	 2.01951E+01	 1.78516E+01
 2.23943E+01	 1.94170E+01	 1.86234E+01	 2.32468E+01	 2.22175E+01	 2.44058E+01	 2.30318E+01	 2.23337E+01	 2.39065E+01	 2.10000E+01	 2.25504E+01	 2.51801E+01	 2.68820E+01	 2.46638E+01	 2.30772E+01	 2.23639E+01	 2.58839E+01	 2.25404E+01	 2.50108E+01	 2.75772E+01	 2.42371E+01	 2.44088E+01	 2.64026E+01	 2.24201E+01	 2.53258E+01	 2.37340E+01	 2.35417E+01	 2.22917E+01	 2.16665E+01	 2.34165E+01	 2.60624E+01	 2.39301E+01	 2.37173E+01	 2.41526E+01	 2.25000E+01	 2.41066E+01	 2.02500E+01	 2.14823E+01	 2.51095E+01	 2.11867E+01	 1.97277E+01	 2.05799E+01	 2.25168E+01	 2.37917E+01	 2.12064E+01	 2.21366E+01	 2.30474E+01	 2.06034E+01	 2.06434E+01	 2.30000E+01	 2.25436E+01	 2.20517E+01	 2.25517E+01	 2.17974E+01	 2.46359E+01	 2.52997E+01	 2.60180E+01	 2.11588E+01	 1.96034E+01	 2.20624E+01	 2.03541E+01
 2.19451E+01	 2.18852E+01	 2.18959E+01	 2.36583E+01	 2.39544E+01	 2.63959E+01	 2.20624E+01	 2.55853E+01	 2.38970E+01	 1.88716E+01	 2.19918E+01	 2.21484E+01	 2.27818E+01	 2.68603E+01	 2.49170E+01	 2.72691E+01	 2.69799E+01	 2.46638E+01	 2.58546E+01	 2.36239E+01	 2.93551E+01	 2.48213E+01	 2.93762E+01	 2.44667E+01	 2.37244E+01	 2.38620E+01	 2.64505E+01	 2.64009E+01	 2.53466E+01	 2.42718E+01	 2.13004E+01	 2.17230E+01	 2.43666E+01	 2.06134E+01	 2.20942E+01	 2.23371E+01	 2.28809E+01	 2.38455E+01	 2.55000E+01	 2.74533E+01	 2.84655E+01	 2.78039E+01	 2.40815E+01	 2.35404E+01	 2.08036E+01	 2.40417E+01	 2.27294E+01	 2.54034E+01	 2.34682E+01	 2.17500E+01	 2.25000E+01	 2.38435E+01	 2.28435E+01	 2.35206E+01	 2.46141E+01	 2.31332E+01	 2.57941E+01	 2.54088E+01	 2.69299E+01	 2.35366E+01	 2.06259E+01
 2.48591E+01	 2.38641E+01	 2.37146E+01	 2.40948E+01	 2.07164E+01	 2.29077E+01	 2.43004E+01	 2.01091E+01	 2.50617E+01	 2.44454E+01	 2.37069E+01	 2.17362E+01	 2.24968E+01	 2.21607E+01	 2.88084E+01	 2.78060E+01	 2.72859E+01	 2.89968E+01	 2.60758E+01	 2.45552E+01	 2.67112E+01	 3.07832E+01	 2.79191E+01	 2.86724E+01	 2.36607E+01	 2.55000E+01	 2.70991E+01	 2.41577E+01	 2.42410E+01	 2.01652E+01	 1.86161E+01	 1.96331E+01	 1.92792E+01	 2.38017E+01	 2.07455E+01	 2.15000E+01	 2.44419E+01	 2.39376E+01	 2.51459E+01	 2.45549E+01	 2.73303E+01	 3.76588E+01	 2.81906E+01	 1.92417E+01	 2.51271E+01	 2.45399E+01	 2.19058E+01	 2.13798E+01	 2.43566E+01	 2.25923E+01	 2.61334E+01	 2.37500E+01	 2.49201E+01	 2.59369E+01	 2.58934E+01	 2.46964E+01	 2.65417E+01	 2.54170E+01	 2.57268E+01	 2.21878E+01	 2.13691E+01
